1 -149.885 131.54
2 -149.757 131.095
3 -149.502 130.788
4 -149.146 130.65
5 -148.715 130.695
6 -148.232 130.927
7 -147.708 131.339
8 -147.151 131.919
9 -146.557 132.655
10 -145.925 133.528
11 -145.248 134.515
12 -144.528 135.579
13 -143.765 136.674
14 -142.964 137.741
15 -142.13 138.723
16 -141.268 139.574
17 -140.391 140.261
18 -139.515 140.774
19 -138.664 141.12
20 -137.872 141.319
21 -137.176 141.387
22 -136.615 141.336
23 -136.221 141.166
24 -136.017 140.87
25 -136.014 140.442
26 -136.219 139.884
27 -136.627 139.221
28 -137.229 138.494
29 -138.008 137.756
30 -138.931 137.059
31 -139.95 136.448
32 -141.005 135.945
33 -142.033 135.545
34 -142.977 135.225
35 -143.789 134.954
36 -144.437 134.699
37 -144.903 134.445
38 -145.183 134.192
39 -145.283 133.954
40 -145.22 133.76
41 -145.013 133.633
42 -144.688 133.588
43 -144.267 133.624
44 -143.775 133.722
45 -143.23 133.859
46 -142.654 134.014
47 -142.071 134.176
48 -141.509 134.354
49 -141.002 134.564
50 -140.583 134.827
51 -140.278 135.153
52 -140.096 135.535
53 -140.024 135.944
54 -140.033 136.335
55 -140.079 136.66
56 -140.124 136.878
57 -140.14 136.965
58 -140.123 136.915
59 -140.088 136.745
60 -140.074 136.483
61 -140.128 136.162
62 -140.292 135.812
63 -140.6 135.45
64 -141.064 135.08
65 -141.682 134.692
66 -142.445 134.273
67 -143.338 133.819
68 -144.35 133.337
69 -145.466 132.858
70 -146.664 132.423
71 -147.912 132.084
72 -149.169 131.879
73 -150.393 131.829
74 -151.547 131.926
75 -152.598 132.138
76 -153.518 132.424
77 -154.281 132.745
78 -154.859 133.078
79 -155.231 133.415
80 -155.389 133.766
81 -155.341 134.15
82 -155.117 134.584
83 -154.76 135.075
84 -154.315 135.616
85 -153.817 136.188
86 -153.289 136.763
87 -152.74 137.309
88 -152.172 137.797
89 -151.589 138.197
90 -151.002 138.487
91 -150.424 138.647
92 -149.867 138.669
93 -149.335 138.556
94 -148.825 138.32
95 -148.331 137.981
96 -147.846 137.555
97 -147.371 137.057
98 -146.907 136.496
99 -146.456 135.877
100 -146.017 135.206
101 -145.583 134.494
102 -145.149 133.757
103 -144.713 133.017
104 -144.284 132.3
105 -143.889 131.631
106 -143.56 131.038
107 -143.33 130.545
108 -143.21 130.178
109 -143.186 129.961
110 -143.218 129.906
111 -143.247 130.01
112 -143.217 130.251
113 -143.084 130.59
114 -142.827 130.981
115 -142.439 131.386
116 -141.93 131.783
117 -141.318 132.179
118 -140.629 132.602
119 -139.895 133.095
120 -139.155 133.69
121 -138.443 134.403
122 -137.783 135.214
123 -137.182 136.078
124 -136.635 136.938
125 -136.132 137.743
126 -135.667 138.463
127 -135.256 139.097
128 -134.935 139.661
129 -134.751 140.188
130 -134.749 140.7
131 -134.949 141.209
132 -135.34 141.701
133 -135.867 142.142
134 -136.453 142.484
135 -137.012 142.681
136 -137.474 142.697
137 -137.789 142.513
138 -137.938 142.132
139 -137.922 141.58
140 -137.759 140.902
141 -137.465 140.15
142 -137.054 139.378
143 -136.526 138.617
144 -135.872 137.876
145 -135.08 137.14
146 -134.141 136.387
147 -133.06 135.606
148 -131.852 134.811
149 -130.546 134.045
150 -129.185 133.369
151 -127.818 132.847
152 -126.499 132.521
153 -125.281 132.397
154 -124.204 132.446
155 -123.289 132.609
156 -122.533 132.82
157 -121.92 133.018
158 -121.43 133.16
159 -121.051 133.225
160 -120.787 133.205
161 -120.657 133.102
162 -120.687 132.913
163 -120.898 132.632
164 -121.295 132.245
165 -121.867 131.742
166 -122.586 131.114
167 -123.416 130.365
168 -124.326 129.508
169 -125.288 128.561
170 -126.283 127.552
171 -127.297 126.508
172 -128.318 125.463
173 -129.336 124.445
174 -130.347 123.484
175 -131.34 122.608
176 -132.302 121.841
177 -133.218 121.206
178 -134.064 120.716
179 -134.817 120.375
180 -135.452 120.182
181 -135.946 120.126
182 -136.287 120.195
183 -136.472 120.375
184 -136.512 120.655
185 -136.43 121.026
186 -136.262 121.48
187 -136.046 122.007
188 -135.817 122.593
189 -135.596 123.216
190 -135.389 123.845
191 -135.186 124.44
192 -134.968 124.959
193 -134.718 125.362
194 -134.427 125.619
195 -134.1 125.72
196 -133.752 125.677
197 -133.403 125.525
198 -133.071 125.306
199 -132.763 125.064
200 -132.478 124.821
201 -132.208 124.576
202 -131.942 124.296
203 -131.671 123.934
204 -131.388 123.441
205 -131.091 122.787
206 -130.787 121.977
207 -130.489 121.049
208 -130.219 120.072
209 -130.001 119.131
210 -129.857 118.297
211 -129.795 117.613
212 -129.806 117.083
213 -129.867 116.674
214 -129.939 116.336
215 -129.985 116.021
216 -129.974 115.702
217 -129.893 115.383
218 -129.747 115.097
219 -129.558 114.895
220 -129.356 114.824
221 -129.167 114.916
222 -129.005 115.168
223 -128.865 115.55
224 -128.724 116.008
225 -128.552 116.487
226 -128.32 116.941
227 -128.014 117.349
228 -127.647 117.712
229 -127.253 118.052
230 -126.875 118.396
231 -126.559 118.771
232 -126.328 119.186
233 -126.183 119.631
234 -126.1 120.077
235 -126.045 120.49
236 -125.98 120.84
237 -125.88 121.11
238 -125.727 121.304
239 -125.517 121.441
240 -125.253 121.546
241 -124.946 121.647
242 -124.613 121.759
243 -124.273 121.884
244 -123.943 122.009
245 -123.638 122.118
246 -123.359 122.189
247 -123.093 122.212
248 -122.811 122.182
249 -122.481 122.102
250 -122.076 121.977
251 -121.588 121.813
252 -121.031 121.614
253 -120.433 121.384
254 -119.832 121.13
255 -119.26 120.864
256 -118.739 120.608
257 -118.274 120.386
258 -117.854 120.22
259 -117.462 120.122
260 -117.075 120.088
261 -116.679 120.094
262 -116.267 120.103
263 -115.842 120.079
264 -115.426 120.003
265 -115.055 119.882
266 -114.783 119.751
267 -114.671 119.667
268 -114.776 119.681
269 -115.127 119.822
270 -115.72 120.083
271 -116.51 120.417
272 -117.427 120.757
273 -118.398 121.037
274 -119.368 121.212
275 -120.304 121.27
276 -121.203 121.233
277 -122.077 121.15
278 -122.945 121.075
279 -123.814 121.052
280 -124.67 121.099
281 -125.476 121.204
282 -126.185 121.326
283 -126.744 121.414
284 -127.117 121.418
285 -127.282 121.307
286 -127.243 121.075
287 -127.02 120.746
288 -126.651 120.367
289 -126.179 119.996
290 -125.653 119.686
291 -125.111 119.47
292 -124.578 119.353
293 -124.064 119.307
294 -123.566 119.291
295 -123.07 119.261
296 -122.561 119.193
297 -122.031 119.086
298 -121.482 118.966
299 -120.934 118.876
300 -120.419 118.861
301 -119.977 118.949
302 -119.639 119.14
303 -119.421 119.405
304 -119.313 119.694
305 -119.285 119.953
306 -119.294 120.138
307 -119.3 120.223
308 -119.279 120.205
309 -119.228 120.098
310 -119.167 119.927
311 -119.129 119.712
312 -119.153 119.467
313 -119.268 119.2
314 -119.49 118.91
315 -119.824 118.595
316 -120.26 118.258
317 -120.787 117.906
318 -121.389 117.553
319 -122.048 117.214
320 -122.75 116.905
321 -123.479 116.639
322 -124.223 116.427
323 -124.973 116.275
324 -125.72 116.193
325 -126.457 116.186
326 -127.167 116.26
327 -127.826 116.415
328 -128.402 116.642
329 -128.857 116.922
330 -129.154 117.229
331 -129.267 117.53
332 -129.183 117.8
333 -128.912 118.018
334 -128.484 118.183
335 -127.939 118.307
336 -127.326 118.414
337 -126.684 118.532
338 -126.041 118.684
339 -125.411 118.874
340 -124.791 119.088
341 -124.171 119.292
342 -123.539 119.445
343 -122.894 119.509
344 -122.249 119.467
345 -121.632 119.324
346 -121.084 119.115
347 -120.651 118.889
348 -120.375 118.693
349 -120.275 118.556
350 -120.344 118.475
351 -120.548 118.416
352 -120.833 118.32
353 -121.138 118.129
354 -121.413 117.802
355 -121.633 117.329
356 -121.793 116.739
357 -121.909 116.091
358 -122.006 115.458
359 -122.101 114.902
360 -122.192 114.454
361 -122.258 114.105
362 -122.262 113.809
363 -122.162 113.504
364 -121.923 113.137
365 -121.531 112.683
366 -120.994 112.163
367 -120.35 111.635
368 -119.66 111.187
369 -119.001 110.914
370 -118.446 110.882
371 -118.044 111.117
372 -117.812 111.596
373 -117.731 112.257
374 -117.763 113.021
375 -117.861 113.823
376 -117.996 114.62
377 -118.158 115.406
378 -118.357 116.202
379 -118.613 117.038
380 -118.939 117.94
381 -119.33 118.909
382 -119.765 119.92
383 -120.207 120.925
384 -120.614 121.865
385 -120.951 122.688
386 -121.191 123.363
387 -121.322 123.882
388 -121.347 124.258
389 -121.279 124.521
390 -121.143 124.7
391 -120.97 124.818
392 -120.791 124.883
393 -120.627 124.889
394 -120.487 124.823
395 -120.363 124.671
396 -120.23 124.426
397 -120.055 124.093
398 -119.805 123.685
399 -119.453 123.223
400 -118.988 122.725
401 -118.418 122.205
402 -117.765 121.675
403 -117.06 121.146
404 -116.339 120.637
405 -115.635 120.173
406 -114.977 119.786
407 -114.388 119.506
408 -113.884 119.354
409 -113.477 119.329
410 -113.171 119.415
411 -112.968 119.582
412 -112.869 119.801
413 -112.879 120.052
414 -113.012 120.336
415 -113.289 120.672
416 -113.732 121.088
417 -114.353 121.608
418 -115.141 122.235
419 -116.057 122.947
420 -117.036 123.696
421 -118.005 124.421
422 -118.897 125.066
423 -119.67 125.59
424 -120.317 125.983
425 -120.86 126.265
426 -121.336 126.479
427 -121.789 126.679
428 -122.246 126.914
429 -122.714 127.209
430 -123.18 127.556
431 -123.616 127.919
432 -123.995 128.242
433 -124.3 128.469
434 -124.531 128.563
435 -124.702 128.515
436 -124.834 128.346
437 -124.954 128.101
438 -125.081 127.829
439 -125.226 127.574
440 -125.386 127.349
441 -125.544 127.14
442 -125.674 126.908
443 -125.747 126.606
444 -125.731 126.195
445 -125.606 125.661
446 -125.367 125.022
447 -125.035 124.321
448 -124.653 123.624
449 -124.284 122.994
450 -123.989 122.48
451 -123.811 122.098
452 -123.763 121.833
453 -123.829 121.645
454 -123.978 121.487
455 -124.18 121.324
456 -124.42 121.143
457 -124.703 120.96
458 -125.047 120.815
459 -125.472 120.753
460 -125.985 120.817
461 -126.575 121.024
462 -127.21 121.364
463 -127.849 121.803
464 -128.448 122.294
465 -128.968 122.795
466 -129.376 123.28
467 -129.649 123.737
468 -129.782 124.175
469 -129.783 124.613
470 -129.679 125.069
471 -129.506 125.553
472 -129.304 126.065
473 -129.107 126.595
474 -128.937 127.128
475 -128.799 127.645
476 -128.687 128.129
477 -128.585 128.567
478 -128.48 128.943
479 -128.36 129.242
480 -128.221 129.447
481 -128.066 129.545
482 -127.902 129.524
483 -127.744 129.381
484 -127.612 129.123
485 -127.525 128.768
486 -127.495 128.339
487 -127.523 127.861
488 -127.596 127.35
489 -127.69 126.812
490 -127.775 126.24
491 -127.822 125.623
492 -127.813 124.953
493 -127.746 124.232
494 -127.63 123.481
495 -127.487 122.741
496 -127.334 122.069
497 -127.186 121.518
498 -127.044 121.128
499 -126.898 120.908
500 -126.725 120.833
501 -126.496 120.854
502 -126.181 120.91
503 -125.764 120.954
504 -125.25 120.964
505 -124.67 120.95
506 -124.084 120.951
507 -123.562 121.018
508 -123.177 121.196
509 -122.975 121.505
510 -122.972 121.928
511 -123.15 122.423
512 -123.473 122.93
513 -123.905 123.396
514 -124.423 123.787
515 -125.025 124.099
516 -125.725 124.355
517 -126.54 124.594
518 -127.48 124.859
519 -128.534 125.173
520 -129.668 125.537
521 -130.828 125.924
522 -131.95 126.285
523 -132.971 126.566
524 -133.841 126.725
525 -134.523 126.742
526 -134.999 126.628
527 -135.264 126.42
528 -135.324 126.174
529 -135.191 125.946
530 -134.886 125.775
531 -134.431 125.674
532 -133.854 125.631
533 -133.178 125.615
534 -132.423 125.593
535 -131.61 125.542
536 -130.759 125.458
537 -129.897 125.349
538 -129.062 125.232
539 -128.296 125.121
540 -127.64 125.025
541 -127.118 124.942
542 -126.737 124.86
543 -126.481 124.768
544 -126.323 124.652
545 -126.226 124.503
546 -126.163 124.314
547 -126.113 124.081
548 -126.066 123.801
549 -126.011 123.476
550 -125.937 123.109
551 -125.828 122.707
552 -125.669 122.284
553 -125.452 121.857
554 -125.178 121.451
555 -124.862 121.096
556 -124.521 120.82
557 -124.173 120.649
558 -123.828 120.598
559 -123.488 120.66
560 -123.151 120.815
561 -122.813 121.027
562 -122.48 121.26
563 -122.164 121.484
564 -121.885 121.687
565 -121.663 121.875
566 -121.515 122.071
567 -121.449 122.297
568 -121.467 122.563
569 -121.567 122.86
570 -121.744 123.156
571 -121.999 123.405
572 -122.333 123.565
573 -122.753 123.61
574 -123.269 123.543
575 -123.89 123.393
576 -124.622 123.208
577 -125.456 123.038
578 -126.368 122.92
579 -127.314 122.867
580 -128.239 122.864
581 -129.086 122.876
582 -129.804 122.865
583 -130.355 122.801
584 -130.719 122.682
585 -130.895 122.528
586 -130.897 122.382
587 -130.747 122.295
588 -130.473 122.312
589 -130.1 122.453
590 -129.644 122.711
591 -129.117 123.055
592 -128.527 123.44
593 -127.883 123.826
594 -127.209 124.185
595 -126.543 124.51
596 -125.938 124.813
597 -125.455 125.112
598 -125.143 125.422
599 -125.029 125.74
600 -125.104 126.043
601 -125.325 126.29
602 -125.636 126.433
603 -125.975 126.427
604 -126.296 126.246
605 -126.567 125.886
606 -126.78 125.372
607 -126.939 124.748
608 -127.059 124.072
609 -127.157 123.402
610 -127.252 122.78
611 -127.356 122.229
612 -127.479 121.754
613 -127.624 121.355
614 -127.789 121.036
615 -127.964 120.813
616 -128.14 120.714
617 -128.315 120.772
618 -128.498 121.012
619 -128.716 121.438
620 -129 122.035
621 -129.378 122.763
622 -129.859 123.575
623 -130.427 124.421
624 -131.05 125.261
625 -131.684 126.061
626 -132.285 126.799
627 -132.816 127.452
628 -133.253 127.999
629 -133.58 128.417
630 -133.792 128.682
631 -133.889 128.777
632 -133.88 128.695
633 -133.777 128.442
634 -133.603 128.037
635 -133.384 127.509
636 -133.151 126.889
637 -132.927 126.2
638 -132.726 125.457
639 -132.543 124.666
640 -132.361 123.822
641 -132.151 122.918
642 -131.89 121.956
643 -131.567 120.952
644 -131.192 119.939
645 -130.799 118.967
646 -130.433 118.093
647 -130.143 117.368
648 -129.955 116.818
649 -129.866 116.435
650 -129.839 116.184
651 -129.827 116.012
652 -129.79 115.871
653 -129.711 115.731
654 -129.602 115.593
655 -129.49 115.486
656 -129.406 115.456
657 -129.371 115.542
658 -129.396 115.762
659 -129.48 116.101
660 -129.617 116.512
661 -129.803 116.935
662 -130.032 117.312
663 -130.291 117.606
664 -130.564 117.808
665 -130.825 117.935
666 -131.048 118.021
667 -131.213 118.101
668 -131.313 118.196
669 -131.346 118.306
670 -131.315 118.41
671 -131.213 118.472
672 -131.022 118.456
673 -130.718 118.337
674 -130.279 118.114
675 -129.701 117.807
676 -129.005 117.453
677 -128.232 117.098
678 -127.435 116.784
679 -126.659 116.541
680 -125.933 116.383
681 -125.269 116.311
682 -124.665 116.317
683 -124.114 116.391
684 -123.617 116.527
685 -123.183 116.723
686 -122.826 116.979
687 -122.555 117.29
688 -122.369 117.646
689 -122.25 118.023
690 -122.173 118.394
691 -122.107 118.726
692 -122.031 118.992
693 -121.931 119.171
694 -121.806 119.251
695 -121.662 119.23
696 -121.509 119.112
697 -121.354 118.9
698 -121.2 118.592
699 -121.043 118.185
700 -120.883 117.675
701 -120.724 117.066
702 -120.586 116.379
703 -120.497 115.656
704 -120.488 114.959
705 -120.581 114.358
706 -120.775 113.911
707 -121.049 113.649
708 -121.369 113.568
709 -121.698 113.63
710 -122.011 113.78
711 -122.299 113.967
712 -122.567 114.164
713 -122.833 114.373
714 -123.115 114.619
715 -123.431 114.94
716 -123.788 115.356
717 -124.181 115.861
718 -124.598 116.418
719 -125.016 116.965
720 -125.413 117.429
721 -125.77 117.754
722 -126.076 117.905
723 -126.336 117.882
724 -126.566 117.716
725 -126.796 117.453
726 -127.052 117.146
727 -127.355 116.834
728 -127.708 116.528
729 -128.097 116.216
730 -128.497 115.863
731 -128.881 115.431
732 -129.233 114.893
733 -129.553 114.252
734 -129.863 113.543
735 -130.198 112.83
736 -130.597 112.187
737 -131.092 111.679
738 -131.692 111.341
739 -132.381 111.171
740 -133.123 111.128
741 -133.876 111.155
742 -134.596 111.195
743 -135.249 111.214
744 -135.809 111.202
745 -136.263 111.176
746 -136.607 111.162
747 -136.844 111.184
748 -136.98 111.246
749 -137.023 111.331
750 -136.98 111.402
751 -136.853 111.417
752 -136.645 111.34
753 -136.358 111.156
754 -135.998 110.873
755 -135.581 110.523
756 -135.137 110.153
757 -134.71 109.82
758 -134.35 109.574
759 -134.105 109.449
760 -134.014 109.465
761 -134.095 109.625
762 -134.348 109.92
763 -134.755 110.34
764 -135.292 110.874
765 -135.93 111.512
766 -136.646 112.244
767 -137.417 113.062
768 -138.221 113.95
769 -139.037 114.89
770 -139.847 115.856
771 -140.636 116.822
772 -141.39 117.759
773 -142.097 118.642
774 -142.742 119.447
775 -143.306 120.156
776 -143.768 120.75
777 -144.112 121.213
778 -144.325 121.531
779 -144.408 121.687
780 -144.37 121.675
781 -144.235 121.501
782 -144.026 121.185
783 -143.764 120.768
784 -143.462 120.3
785 -143.128 119.829
786 -142.762 119.393
787 -142.369 119.008
788 -141.951 118.666
789 -141.517 118.351
790 -141.073 118.048
791 -140.629 117.758
792 -140.204 117.507
793 -139.826 117.345
794 -139.528 117.33
795 -139.343 117.514
796 -139.288 117.918
797 -139.352 118.526
798 -139.496 119.284
799 -139.661 120.121
800 -139.788 120.967
801 -139.84 121.77
802 -139.806 122.511
803 -139.708 123.195
804 -139.588 123.853
805 -139.491 124.517
806 -139.453 125.213
807 -139.486 125.944
808 -139.578 126.684
809 -139.698 127.38
810 -139.813 127.973
811 -139.896 128.405
812 -139.936 128.644
813 -139.94 128.683
814 -139.931 128.549
815 -139.942 128.291
816 -140.009 127.971
817 -140.154 127.639
818 -140.385 127.324
819 -140.685 127.023
820 -141.024 126.712
821 -141.359 126.356
822 -141.653 125.929
823 -141.878 125.427
824 -142.023 124.871
825 -142.095 124.306
826 -142.112 123.79
827 -142.097 123.375
828 -142.071 123.095
829 -142.042 122.954
830 -142.008 122.928
831 -141.956 122.978
832 -141.87 123.06
833 -141.739 123.143
834 -141.568 123.212
835 -141.377 123.272
836 -141.195 123.343
837 -141.053 123.447
838 -140.97 123.601
839 -140.948 123.802
840 -140.976 124.032
841 -141.032 124.258
842 -141.09 124.447
843 -141.13 124.57
844 -141.134 124.615
845 -141.093 124.585
846 -141 124.496
847 -140.855 124.368
848 -140.662 124.217
849 -140.431 124.049
850 -140.172 123.864
851 -139.894 123.653
852 -139.598 123.412
853 -139.27 123.14
854 -138.887 122.847
855 -138.418 122.545
856 -137.836 122.25
857 -137.129 121.973
858 -136.302 121.717
859 -135.375 121.488
860 -134.384 121.291
861 -133.368 121.138
862 -132.368 121.052
863 -131.424 121.058
864 -130.569 121.181
865 -129.829 121.432
866 -129.216 121.805
867 -128.726 122.277
868 -128.339 122.81
869 -128.03 123.36
870 -127.776 123.892
871 -127.568 124.387
872 -127.411 124.841
873 -127.319 125.27
874 -127.306 125.7
875 -127.378 126.156
876 -127.528 126.652
877 -127.736 127.179
878 -127.971 127.714
879 -128.201 128.222
880 -128.397 128.67
881 -128.534 129.042
882 -128.601 129.342
883 -128.595 129.603
884 -128.523 129.871
885 -128.393 130.2
886 -128.209 130.625
887 -127.963 131.154
888 -127.629 131.755
889 -127.168 132.367
890 -126.537 132.918
891 -125.702 133.346
892 -124.657 133.621
893 -123.428 133.756
894 -122.081 133.802
895 -120.707 133.837
896 -119.4 133.932
897 -118.237 134.127
898 -117.264 134.413
899 -116.495 134.738
900 -115.916 135.027
901 -115.505 135.207
902 -115.249 135.231
903 -115.152 135.089
904 -115.231 134.803
905 -115.511 134.415
906 -116.013 133.972
907 -116.735 133.508
908 -117.65 133.036
909 -118.705 132.547
910 -119.832 132.019
911 -120.959 131.427
912 -122.027 130.761
913 -122.989 130.025
914 -123.82 129.251
915 -124.51 128.489
916 -125.058 127.799
917 -125.473 127.239
918 -125.77 126.85
919 -125.964 126.654
920 -126.069 126.646
921 -126.101 126.81
922 -126.066 127.12
923 -125.97 127.556
924 -125.813 128.101
925 -125.598 128.744
926 -125.331 129.468
927 -125.02 130.249
928 -124.677 131.05
929 -124.311 131.828
930 -123.937 132.539
931 -123.566 133.151
932 -123.21 133.648
933 -122.885 134.032
934 -122.605 134.313
935 -122.382 134.506
936 -122.221 134.616
937 -122.112 134.635
938 -122.035 134.547
939 -121.965 134.33
940 -121.882 133.975
941 -121.788 133.494
942 -121.703 132.922
943 -121.671 132.323
944 -121.735 131.771
945 -121.928 131.338
946 -122.252 131.071
947 -122.68 130.983
948 -123.165 131.054
949 -123.654 131.241
950 -124.106 131.495
951 -124.499 131.786
952 -124.825 132.103
953 -125.093 132.467
954 -125.32 132.913
955 -125.528 133.477
956 -125.737 134.179
957 -125.964 135.01
958 -126.215 135.932
959 -126.477 136.884
960 -126.722 137.804
961 -126.918 138.64
962 -127.037 139.361
963 -127.063 139.964
964 -126.999 140.467
965 -126.859 140.896
966 -126.664 141.277
967 -126.43 141.624
968 -126.164 141.927
969 -125.866 142.162
970 -125.533 142.292
971 -125.167 142.286
972 -124.779 142.125
973 -124.393 141.816
974 -124.039 141.392
975 -123.751 140.897
976 -123.554 140.373
977 -123.462 139.846
978 -123.48 139.317
979 -123.601 138.766
980 -123.81 138.166
981 -124.09 137.495
982 -124.425 136.751
983 -124.804 135.947
984 -125.221 135.114
985 -125.672 134.286
986 -126.151 133.491
987 -126.64 132.743
988 -127.109 132.036
989 -127.519 131.35
990 -127.833 130.653
991 -128.02 129.916
992 -128.064 129.12
993 -127.968 128.262
994 -127.743 127.361
995 -127.407 126.451
996 -126.979 125.577
997 -126.476 124.779
998 -125.914 124.087
999 -125.312 123.517
1000 -124.684 123.065
1001 -124.041 122.724
1002 -123.385 122.484
1003 -122.718 122.344
1004 -122.045 122.306
1005 -121.38 122.37
1006 -120.756 122.527
1007 -120.214 122.755
1008 -119.796 123.025
1009 -119.537 123.304
1010 -119.458 123.566
1011 -119.567 123.802
1012 -119.863 124.013
1013 -120.334 124.207
1014 -120.958 124.389
1015 -121.701 124.549
1016 -122.518 124.664
1017 -123.359 124.7
1018 -124.183 124.625
1019 -124.969 124.424
1020 -125.717 124.102
1021 -126.441 123.689
1022 -127.157 123.237
1023 -127.874 122.803
1024 -128.579 122.444
1025 -129.246 122.193
1026 -129.838 122.058
1027 -130.32 122.016
1028 -130.668 122.029
1029 -130.868 122.056
1030 -130.919 122.071
1031 -130.827 122.08
1032 -130.603 122.116
1033 -130.262 122.239
1034 -129.821 122.51
1035 -129.294 122.968
1036 -128.689 123.61
1037 -128 124.389
1038 -127.211 125.223
1039 -126.299 126.021
1040 -125.252 126.713
1041 -124.084 127.27
1042 -122.842 127.711
1043 -121.612 128.091
1044 -120.499 128.484
1045 -119.605 128.953
1046 -118.995 129.52
1047 -118.681 130.161
1048 -118.621 130.808
1049 -118.741 131.374
1050 -118.963 131.779
1051 -119.231 131.969
1052 -119.518 131.937
1053 -119.833 131.714
1054 -120.204 131.365
1055 -120.666 130.963
1056 -121.242 130.57
1057 -121.929 130.211
1058 -122.695 129.87
1059 -123.489 129.501
1060 -124.256 129.047
1061 -124.945 128.468
1062 -125.525 127.761
1063 -125.979 126.961
1064 -126.308 126.143
1065 -126.53 125.394
1066 -126.672 124.796
1067 -126.768 124.397
1068 -126.847 124.204
1069 -126.921 124.185
1070 -126.983 124.287
1071 -127.003 124.451
1072 -126.939 124.639
1073 -126.753 124.83
1074 -126.42 125.024
1075 -125.94 125.233
1076 -125.341 125.465
1077 -124.669 125.721
1078 -123.976 125.991
1079 -123.303 126.255
1080 -122.682 126.494
1081 -122.139 126.688
1082 -121.697 126.821
1083 -121.39 126.882
1084 -121.258 126.861
1085 -121.334 126.75
1086 -121.633 126.544
1087 -122.15 126.239
1088 -122.863 125.844
1089 -123.746 125.372
1090 -124.781 124.845
1091 -125.954 124.293
1092 -127.252 123.749
1093 -128.647 123.242
1094 -130.084 122.794
1095 -131.488 122.412
1096 -132.784 122.084
1097 -133.908 121.786
1098 -134.825 121.494
1099 -135.532 121.192
1100 -136.05 120.884
1101 -136.407 120.592
1102 -136.626 120.355
1103 -136.716 120.216
1104 -136.67 120.2
1105 -136.479 120.304
1106 -136.139 120.493
1107 -135.657 120.705
1108 -135.052 120.869
1109 -134.35 120.925
1110 -133.583 120.844
1111 -132.788 120.636
1112 -132.01 120.345
1113 -131.3 120.042
1114 -130.711 119.794
1115 -130.284 119.646
1116 -130.043 119.606
1117 -129.981 119.641
1118 -130.072 119.693
1119 -130.281 119.707
1120 -130.583 119.647
1121 -130.976 119.518
1122 -131.475 119.361
1123 -132.104 119.242
1124 -132.882 119.233
1125 -133.804 119.382
1126 -134.839 119.699
1127 -135.936 120.15
1128 -137.033 120.668
1129 -138.07 121.174
1130 -138.995 121.599
1131 -139.773 121.906
1132 -140.377 122.086
1133 -140.799 122.162
1134 -141.04 122.169
1135 -141.11 122.141
1136 -141.023 122.096
1137 -140.796 122.028
1138 -140.439 121.907
1139 -139.96 121.697
1140 -139.357 121.363
1141 -138.631 120.888
1142 -137.786 120.279
1143 -136.843 119.567
1144 -135.84 118.8
1145 -134.828 118.034
1146 -133.866 117.319
1147 -133.007 116.687
1148 -132.286 116.152
1149 -131.719 115.714
1150 -131.301 115.363
1151 -131.015 115.091
1152 -130.846 114.893
1153 -130.781 114.773
1154 -130.816 114.736
1155 -130.949 114.786
1156 -131.178 114.918
1157 -131.496 115.121
1158 -131.896 115.373
1159 -132.371 115.651
1160 -132.917 115.933
1161 -133.522 116.208
1162 -134.169 116.472
1163 -134.83 116.727
1164 -135.47 116.978
1165 -136.057 117.227
1166 -136.573 117.465
1167 -137.016 117.677
1168 -137.403 117.849
1169 -137.759 117.976
1170 -138.1 118.067
1171 -138.425 118.146
1172 -138.715 118.245
1173 -138.935 118.396
1174 -139.05 118.613
1175 -139.031 118.886
1176 -138.862 119.181
1177 -138.538 119.451
1178 -138.06 119.65
1179 -137.433 119.753
1180 -136.67 119.758
1181 -135.798 119.69
1182 -134.861 119.588
1183 -133.917 119.489
1184 -133.027 119.416
1185 -132.236 119.365
1186 -131.56 119.309
1187 -130.986 119.203
1188 -130.49 119.005
1189 -130.055 118.682
1190 -129.695 118.23
1191 -129.451 117.673
1192 -129.381 117.066
1193 -129.534 116.475
1194 -129.93 115.96
1195 -130.543 115.554
1196 -131.315 115.246
1197 -132.17 114.987
1198 -133.04 114.71
1199 -133.878 114.354
1200 -134.659 113.888
1201 -135.373 113.326
1202 -136.021 112.726
1203 -136.605 112.177
1204 -137.134 111.766
1205 -137.614 111.559
1206 -138.051 111.576
1207 -138.447 111.79
1208 -138.79 112.139
1209 -139.059 112.557
1210 -139.225 112.989
1211 -139.264 113.413
1212 -139.167 113.84
1213 -138.943 114.301
1214 -138.623 114.829
1215 -138.244 115.445
1216 -137.842 116.142
1217 -137.436 116.885
1218 -137.024 117.619
1219 -136.591 118.28
1220 -136.117 118.814
1221 -135.598 119.182
1222 -135.056 119.366
1223 -134.54 119.365
1224 -134.115 119.198
1225 -133.845 118.895
1226 -133.773 118.487
1227 -133.917 118.004
1228 -134.27 117.46
1229 -134.81 116.862
1230 -135.514 116.207
1231 -136.36 115.494
1232 -137.319 114.73
1233 -138.353 113.933
1234 -139.402 113.134
1235 -140.402 112.367
1236 -141.3 111.669
1237 -142.067 111.065
1238 -142.703 110.577
1239 -143.222 110.219
1240 -143.634 110.005
1241 -143.925 109.945
1242 -144.061 110.048
1243 -143.993 110.311
1244 -143.685 110.719
1245 -143.124 111.237
1246 -142.334 111.824
1247 -141.363 112.437
1248 -140.267 113.044
1249 -139.098 113.637
1250 -137.901 114.223
1251 -136.709 114.825
1252 -135.552 115.46
1253 -134.459 116.125
1254 -133.459 116.79
1255 -132.558 117.4
1256 -131.745 117.894
1257 -130.996 118.216
1258 -130.288 118.339
1259 -129.619 118.266
1260 -129.015 118.034
1261 -128.531 117.7
1262 -128.231 117.331
1263 -128.175 116.985
1264 -128.388 116.695
1265 -128.852 116.466
1266 -129.507 116.276
1267 -130.279 116.09
1268 -131.093 115.878
1269 -131.892 115.631
1270 -132.652 115.369
1271 -133.365 115.147
1272 -134.034 115.037
1273 -134.653 115.112
1274 -135.204 115.42
1275 -135.66 115.961
1276 -135.988 116.685
1277 -136.151 117.508
1278 -136.119 118.333
1279 -135.869 119.08
1280 -135.391 119.705
1281 -134.689 120.202
1282 -133.784 120.6
1283 -132.712 120.947
1284 -131.522 121.286
1285 -130.27 121.641
1286 -129.004 122.003
1287 -127.759 122.334
1288 -126.549 122.584
1289 -125.369 122.708
1290 -124.213 122.679
1291 -123.082 122.504
1292 -121.998 122.216
1293 -121.004 121.871
1294 -120.153 121.53
1295 -119.495 121.242
1296 -119.059 121.036
1297 -118.842 120.911
1298 -118.81 120.847
1299 -118.912 120.809
1300 -119.095 120.765
1301 -119.319 120.695
1302 -119.562 120.594
1303 -119.824 120.473
1304 -120.113 120.353
1305 -120.445 120.258
1306 -120.831 120.204
1307 -121.282 120.2
1308 -121.806 120.24
1309 -122.409 120.315
1310 -123.09 120.409
1311 -123.837 120.505
1312 -124.622 120.589
1313 -125.405 120.645
1314 -126.139 120.654
1315 -126.778 120.594
1316 -127.285 120.442
1317 -127.642 120.18
1318 -127.846 119.803
1319 -127.904 119.322
1320 -127.822 118.772
1321 -127.607 118.195
1322 -127.252 117.637
1323 -126.749 117.131
1324 -126.084 116.689
1325 -125.241 116.304
1326 -124.212 115.954
1327 -123.003 115.623
1328 -121.641 115.309
1329 -120.182 115.034
1330 -118.714 114.843
1331 -117.351 114.79
1332 -116.207 114.923
1333 -115.373 115.26
1334 -114.887 115.783
1335 -114.725 116.436
1336 -114.814 117.14
1337 -115.07 117.813
1338 -115.423 118.39
1339 -115.834 118.837
1340 -116.297 119.161
1341 -116.83 119.401
1342 -117.453 119.616
1343 -118.18 119.861
1344 -119.009 120.163
1345 -119.916 120.509
1346 -120.861 120.851
1347 -121.796 121.121
1348 -122.673 121.256
1349 -123.445 121.219
1350 -124.08 121.016
1351 -124.56 120.692
1352 -124.884 120.316
1353 -125.063 119.962
1354 -125.113 119.683
1355 -125.049 119.497
1356 -124.873 119.379
1357 -124.569 119.275
1358 -124.116 119.127
1359 -123.495 118.889
1360 -122.705 118.549
1361 -121.779 118.126
1362 -120.784 117.671
1363 -119.804 117.25
1364 -118.922 116.925
1365 -118.201 116.74
1366 -117.671 116.706
1367 -117.331 116.808
1368 -117.165 117.01
1369 -117.154 117.274
1370 -117.296 117.57
1371 -117.6 117.883
1372 -118.08 118.214
1373 -118.734 118.571
1374 -119.537 118.96
1375 -120.439 119.373
1376 -121.375 119.79
1377 -122.285 120.178
1378 -123.12 120.498
1379 -123.841 120.72
1380 -124.421 120.825
1381 -124.835 120.815
1382 -125.064 120.705
1383 -125.097 120.517
1384 -124.932 120.271
1385 -124.586 119.979
1386 -124.086 119.644
1387 -123.463 119.262
1388 -122.738 118.83
1389 -121.914 118.352
1390 -120.979 117.842
1391 -119.91 117.321
1392 -118.697 116.809
1393 -117.348 116.315
1394 -115.89 115.836
1395 -114.368 115.354
1396 -112.831 114.85
1397 -111.321 114.313
1398 -109.875 113.75
1399 -108.533 113.183
1400 -107.344 112.652
1401 -106.364 112.193
1402 -105.648 111.833
1403 -105.232 111.578
1404 -105.118 111.418
1405 -105.281 111.331
1406 -105.682 111.3
1407 -106.29 111.327
1408 -107.098 111.433
1409 -108.124 111.661
1410 -109.387 112.059
1411 -110.881 112.666
1412 -112.556 113.495
1413 -114.316 114.524
1414 -116.043 115.697
1415 -117.623 116.935
1416 -118.971 118.161
1417 -120.051 119.313
1418 -120.865 120.361
1419 -121.445 121.313
1420 -121.84 122.209
1421 -122.097 123.103
1422 -122.25 124.046
1423 -122.315 125.055
1424 -122.282 126.102
1425 -122.121 127.121
1426 -121.791 128.023
1427 -121.25 128.726
1428 -120.472 129.175
1429 -119.452 129.36
1430 -118.223 129.315
1431 -116.847 129.107
1432 -115.415 128.821
1433 -114.022 128.53
1434 -112.736 128.274
1435 -111.588 128.056
1436 -110.564 127.839
1437 -109.621 127.574
1438 -108.714 127.217
1439 -107.82 126.749
1440 -106.956 126.187
1441 -106.19 125.588
1442 -105.617 125.034
1443 -105.346 124.619
1444 -105.455 124.416
1445 -105.966 124.463
1446 -106.838 124.743
1447 -107.979 125.2
1448 -109.28 125.755
1449 -110.64 126.337
1450 -111.982 126.897
1451 -113.252 127.421
1452 -114.414 127.915
1453 -115.45 128.397
1454 -116.354 128.88
1455 -117.123 129.361
1456 -117.765 129.824
1457 -118.285 130.242
1458 -118.689 130.593
1459 -118.974 130.865
1460 -119.131 131.061
1461 -119.148 131.194
1462 -119.021 131.285
1463 -118.761 131.352
1464 -118.399 131.405
1465 -117.979 131.441
1466 -117.551 131.452
1467 -117.156 131.425
1468 -116.816 131.35
1469 -116.536 131.229
1470 -116.303 131.066
1471 -116.099 130.869
1472 -115.903 130.64
1473 -115.699 130.37
1474 -115.469 130.047
1475 -115.207 129.653
1476 -114.913 129.182
1477 -114.606 128.643
1478 -114.321 128.059
1479 -114.103 127.47
1480 -113.998 126.916
1481 -114.039 126.433
1482 -114.227 126.034
1483 -114.533 125.712
1484 -114.901 125.44
1485 -115.267 125.184
1486 -115.583 124.916
1487 -115.824 124.627
1488 -115.994 124.333
1489 -116.112 124.068
1490 -116.196 123.878
1491 -116.252 123.8
1492 -116.264 123.85
1493 -116.193 124.007
1494 -115.994 124.223
1495 -115.617 124.429
1496 -115.025 124.564
1497 -114.197 124.584
1498 -113.137 124.486
1499 -111.872 124.31
1500 -110.449 124.132
1501 -108.935 124.046
1502 -107.403 124.137
1503 -105.913 124.452
1504 -104.505 124.989
1505 -103.187 125.697
1506 -101.941 126.497
1507 -100.742 127.311
1508 -99.5769 128.091
1509 -98.4629 128.833
1510 -97.4544 129.573
1511 -96.6293 130.371
1512 -96.0606 131.277
1513 -95.7873 132.312
1514 -95.7947 133.449
1515 -96.0186 134.618
1516 -96.3669 135.732
1517 -96.7499 136.71
1518 -97.1037 137.498
1519 -97.4023 138.086
1520 -97.658 138.498
1521 -97.9114 138.788
1522 -98.2147 139.018
1523 -98.6113 139.24
1524 -99.1185 139.481
1525 -99.7187 139.742
1526 -100.362 139.995
1527 -100.979 140.203
1528 -101.491 140.328
1529 -101.829 140.349
1530 -101.94 140.263
1531 -101.796 140.089
1532 -101.396 139.856
1533 -100.769 139.596
1534 -99.9603 139.337
1535 -99.022 139.096
1536 -97.9997 138.881
1537 -96.9229 138.695
1538 -95.7975 138.539
1539 -94.6108 138.422
1540 -93.3479 138.357
1541 -92.0037 138.359
1542 -90.5978 138.444
1543 -89.1762 138.622
1544 -87.8081 138.896
1545 -86.5782 139.263
1546 -85.5677 139.716
1547 -84.8434 140.248
1548 -84.4396 140.855
1549 -84.3534 141.528
1550 -84.5489 142.251
1551 -84.9608 142.998
1552 -85.5065 143.725
1553 -86.1044 144.383
1554 -86.6911 144.928
1555 -87.2314 145.323
1556 -87.7246 145.553
1557 -88.2003 145.631
1558 -88.7091 145.592
1559 -89.3061 145.489
1560 -90.0301 145.375
1561 -90.8898 145.289
1562 -91.8577 145.243
1563 -92.874 145.225
1564 -93.8629 145.197
1565 -94.7543 145.118
1566 -95.5011 144.954
1567 -96.0858 144.699
1568 -96.5196 144.379
1569 -96.8309 144.047
1570 -97.0475 143.77
1571 -97.1834 143.602
1572 -97.2303 143.569
1573 -97.1588 143.649
1574 -96.9283 143.786
1575 -96.4994 143.903
1576 -95.8464 143.93
1577 -94.9691 143.827
1578 -93.9033 143.597
1579 -92.7267 143.283
1580 -91.5519 142.961
1581 -90.5097 142.708
1582 -89.7168 142.589
1583 -89.2424 142.627
1584 -89.0888 142.805
1585 -89.195 143.072
1586 -89.4632 143.363
1587 -89.797 143.621
1588 -90.1303 143.818
1589 -90.4421 143.961
1590 -90.7527 144.086
1591 -91.1038 144.245
1592 -91.5316 144.485
1593 -92.0443 144.824
1594 -92.612 145.247
1595 -93.1759 145.706
1596 -93.6669 146.137
1597 -94.0249 146.486
1598 -94.2118 146.724
1599 -94.2167 146.851
1600 -94.0583 146.9
1601 -93.7808 146.923
1602 -93.4476 146.968
1603 -93.1307 147.071
1604 -92.8967 147.241
1605 -92.791 147.463
1606 -92.8275 147.701
1607 -92.9847 147.912
1608 -93.2137 148.059
1609 -93.452 148.117
1610 -93.6422 148.074
1611 -93.7462 147.931
1612 -93.7539 147.692
1613 -93.682 147.363
1614 -93.564 146.948
1615 -93.4366 146.45
1616 -93.3283 145.872
1617 -93.2521 145.222
1618 -93.2056 144.514
1619 -93.1755 143.767
1620 -93.1434 143.003
1621 -93.0926 142.245
1622 -93.0125 141.509
1623 -92.9037 140.809
1624 -92.7797 140.154
1625 -92.6686 139.556
1626 -92.6075 139.034
1627 -92.6346 138.614
1628 -92.7751 138.317
1629 -93.0286 138.155
1630 -93.362 138.123
1631 -93.7123 138.187
1632 -94.0012 138.294
1633 -94.157 138.376
1634 -94.1323 138.368
1635 -93.9158 138.22
1636 -93.5328 137.909
1637 -93.0365 137.448
1638 -92.4932 136.876
1639 -91.9643 136.252
1640 -91.4877 135.633
1641 -91.0691 135.059
1642 -90.6841 134.54
1643 -90.2908 134.055
1644 -89.8465 133.565
1645 -89.3231 133.028
1646 -88.7173 132.42
1647 -88.053 131.747
1648 -87.379 131.056
1649 -86.7587 130.419
1650 -86.2569 129.916
1651 -85.9198 129.609
1652 -85.7593 129.514
1653 -85.7454 129.597
1654 -85.8144 129.778
1655 -85.89 129.96
1656 -85.9095 130.057
1657 -85.8482 130.023
1658 -85.7324 129.866
1659 -85.637 129.642
1660 -85.6686 129.438
1661 -85.9342 129.343
1662 -86.5072 129.418
1663 -87.4021 129.684
1664 -88.5687 130.111
1665 -89.9076 130.64
1666 -91.2996 131.199
1667 -92.6353 131.732
1668 -93.8388 132.216
1669 -94.8767 132.663
1670 -95.7562 133.116
1671 -96.5125 133.627
1672 -97.1895 134.233
1673 -97.817 134.94
1674 -98.394 135.711
1675 -98.8851 136.471
1676 -99.2305 137.132
1677 -99.3616 137.609
1678 -99.2219 137.848
1679 -98.7821 137.833
1680 -98.0503 137.59
1681 -97.0772 137.175
1682 -95.9517 136.66
1683 -94.7883 136.122
1684 -93.7036 135.622
1685 -92.7867 135.191
1686 -92.0842 134.829
1687 -91.5952 134.51
1688 -91.2817 134.197
1689 -91.0854 133.857
1690 -90.9486 133.47
1691 -90.8297 133.031
1692 -90.7128 132.551
1693 -90.6103 132.051
1694 -90.5581 131.551
1695 -90.6025 131.067
1696 -90.7848 130.61
1697 -91.1259 130.179
1698 -91.6173 129.768
1699 -92.219 129.367
1700 -92.8694 128.964
1701 -93.5022 128.55
1702 -94.064 128.122
1703 -94.531 127.685
1704 -94.9131 127.249
1705 -95.2483 126.839
1706 -95.5858 126.484
1707 -95.9655 126.217
1708 -96.4017 126.067
1709 -96.8762 126.05
1710 -97.3434 126.16
1711 -97.7417 126.369
1712 -98.0098 126.627
1713 -98.0984 126.876
1714 -97.9799 127.057
1715 -97.651 127.13
1716 -97.1334 127.08
1717 -96.4712 126.924
1718 -95.7249 126.701
1719 -94.9628 126.466
1720 -94.248 126.269
1721 -93.6248 126.137
1722 -93.1068 126.071
1723 -92.6801 126.04
1724 -92.3135 126.001
1725 -91.9754 125.907
1726 -91.6523 125.732
1727 -91.3583 125.478
1728 -91.1339 125.177
1729 -91.0306 124.882
1730 -91.0886 124.653
1731 -91.317 124.529
1732 -91.6846 124.517
1733 -92.1234 124.585
1734 -92.5457 124.666
1735 -92.8667 124.686
1736 -93.0216 124.576
1737 -92.9752 124.303
1738 -92.7242 123.872
1739 -92.2945 123.329
1740 -91.7356 122.747
1741 -91.1117 122.205
1742 -90.4902 121.765
1743 -89.9258 121.454
1744 -89.4476 121.258
1745 -89.0551 121.137
1746 -88.7224 121.037
1747 -88.4133 120.919
1748 -88.0999 120.766
1749 -87.7782 120.597
1750 -87.4702 120.452
1751 -87.2163 120.384
1752 -87.0553 120.435
1753 -87.0063 120.624
1754 -87.0551 120.94
1755 -87.1571 121.341
1756 -87.2497 121.774
1757 -87.2725 122.185
1758 -87.1849 122.54
1759 -86.9756 122.833
1760 -86.664 123.077
1761 -86.2941 123.304
1762 -85.9224 123.547
1763 -85.6057 123.827
1764 -85.3897 124.148
1765 -85.3007 124.492
1766 -85.3438 124.824
1767 -85.5034 125.105
1768 -85.7452 125.298
1769 -86.0207 125.375
1770 -86.276 125.321
1771 -86.4595 125.131
1772 -86.534 124.807
1773 -86.4833 124.355
1774 -86.3119 123.782
1775 -86.0383 123.1
1776 -85.6832 122.328
1777 -85.2573 121.491
1778 -84.753 120.622
1779 -84.1454 119.756
1780 -83.4015 118.93
1781 -82.4954 118.176
1782 -81.4284 117.524
1783 -80.2298 116.995
1784 -78.9556 116.607
1785 -77.6854 116.381
1786 -76.5038 116.34
1787 -75.4889 116.503
1788 -74.6968 116.881
1789 -74.1535 117.47
1790 -73.854 118.239
1791 -73.7615 119.14
1792 -73.815 120.105
1793 -73.9448 121.062
1794 -74.0889 121.944
1795 -74.2078 122.704
1796 -74.2936 123.321
1797 -74.3689 123.798
1798 -74.4779 124.167
1799 -74.6697 124.467
1800 -74.9798 124.738
1801 -75.4147 125.001
1802 -75.9468 125.255
1803 -76.5193 125.47
1804 -77.0609 125.6
1805 -77.5083 125.603
1806 -77.8199 125.449
1807 -77.9828 125.141
1808 -78.0113 124.709
1809 -77.9386 124.212
1810 -77.8038 123.714
1811 -77.6377 123.273
1812 -77.4513 122.917
1813 -77.2299 122.646
1814 -76.9377 122.428
1815 -76.5281 122.217
1816 -75.9597 121.97
1817 -75.2156 121.666
1818 -74.3127 121.314
1819 -73.3064 120.956
1820 -72.29 120.659
1821 -71.3755 120.492
1822 -70.6645 120.512
1823 -70.2269 120.741
1824 -70.0851 121.165
1825 -70.2099 121.737
1826 -70.5397 122.392
1827 -71.0036 123.068
1828 -71.5396 123.72
1829 -72.1079 124.329
1830 -72.6928 124.896
1831 -73.2982 125.439
1832 -73.936 125.978
1833 -74.6172 126.527
1834 -75.3425 127.09
1835 -76.0926 127.651
1836 -76.8278 128.182
1837 -77.4922 128.647
1838 -78.0226 129.011
1839 -78.3613 129.25
1840 -78.4667 129.35
1841 -78.3245 129.312
1842 -77.9563 129.15
1843 -77.4131 128.892
1844 -76.7666 128.57
1845 -76.0933 128.215
1846 -75.4573 127.857
1847 -74.8969 127.511
1848 -74.4204 127.185
1849 -74.0109 126.875
1850 -73.6396 126.569
1851 -73.2787 126.253
1852 -72.9163 125.915
1853 -72.5592 125.547
1854 -72.2336 125.15
1855 -71.9809 124.739
1856 -71.8478 124.338
1857 -71.8737 123.98
1858 -72.081 123.693
1859 -72.4682 123.501
1860 -73.0054 123.406
1861 -73.6405 123.393
1862 -74.3115 123.432
1863 -74.962 123.491
1864 -75.5547 123.541
1865 -76.0785 123.573
1866 -76.5477 123.597
1867 -76.9912 123.644
1868 -77.4382 123.75
1869 -77.9015 123.951
1870 -78.3682 124.262
1871 -78.7987 124.676
1872 -79.1367 125.161
1873 -79.3261 125.673
1874 -79.3247 126.169
1875 -79.114 126.619
1876 -78.7034 127.02
1877 -78.1266 127.4
1878 -77.4383 127.806
1879 -76.7041 128.291
1880 -75.9853 128.899
1881 -75.3272 129.638
1882 -74.7494 130.478
1883 -74.2445 131.353
1884 -73.7846 132.174
1885 -73.3349 132.86
1886 -72.8698 133.345
1887 -72.3834 133.604
1888 -71.895 133.646
1889 -71.445 133.508
1890 -71.0811 133.245
1891 -70.8413 132.908
1892 -70.7397 132.53
1893 -70.7577 132.119
1894 -70.8484 131.658
1895 -70.9494 131.118
1896 -71.001 130.475
1897 -70.9637 129.724
1898 -70.8311 128.893
1899 -70.6345 128.04
1900 -70.4376 127.253
1901 -70.3216 126.627
1902 -70.3597 126.244
1903 -70.5939 126.152
1904 -71.0191 126.346
1905 -71.5846 126.78
1906 -72.2104 127.375
1907 -72.8131 128.047
1908 -73.326 128.724
1909 -73.7131 129.36
1910 -73.9716 129.936
1911 -74.1246 130.454
1912 -74.2107 130.922
1913 -74.2692 131.351
1914 -74.3295 131.742
1915 -74.4025 132.086
1916 -74.4784 132.373
1917 -74.5281 132.585
1918 -74.5125 132.711
1919 -74.3913 132.745
1920 -74.1356 132.689
1921 -73.7376 132.552
1922 -73.2144 132.351
1923 -72.6036 132.105
1924 -71.9532 131.835
1925 -71.3083 131.556
1926 -70.6993 131.28
1927 -70.1361 131.008
1928 -69.6085 130.732
1929 -69.0931 130.438
1930 -68.5637 130.108
1931 -68.0041 129.727
1932 -67.4175 129.291
1933 -66.8347 128.808
1934 -66.3155 128.305
1935 -65.9444 127.822
1936 -65.8177 127.407
1937 -66.0263 127.107
1938 -66.6334 126.96
1939 -67.6568 126.985
1940 -69.0614 127.179
1941 -70.7666 127.522
1942 -72.6651 127.979
1943 -74.6546 128.51
1944 -76.6588 129.081
1945 -78.6263 129.66
1946 -80.5279 130.23
1947 -82.3448 130.779
1948 -84.0604 131.299
1949 -85.6521 131.784
1950 -87.0903 132.219
1951 -88.3396 132.583
1952 -89.3624 132.846
1953 -90.1252 132.978
1954 -90.6026 132.949
1955 -90.7828 132.745
1956 -90.6721 132.37
1957 -90.2986 131.85
1958 -89.7146 131.235
1959 -88.9921 130.592
1960 -88.2124 129.995
1961 -87.4512 129.508
1962 -86.7665 129.175
1963 -86.1888 129.012
1964 -85.7233 129.009
1965 -85.3598 129.14
1966 -85.0848 129.368
1967 -84.8885 129.662
1968 -84.7679 129.995
1969 -84.726 130.348
1970 -84.7688 130.705
1971 -84.9008 131.049
1972 -85.1243 131.362
1973 -85.4378 131.616
1974 -85.8385 131.784
1975 -86.3241 131.837
1976 -86.8935 131.753
1977 -87.546 131.516
1978 -88.2795 131.122
1979 -89.089 130.579
1980 -89.9659 129.906
1981 -90.8983 129.128
1982 -91.8745 128.278
1983 -92.8791 127.391
1984 -93.8936 126.505
1985 -94.8982 125.655
1986 -95.8699 124.873
1987 -96.7826 124.185
1988 -97.608 123.609
1989 -98.3191 123.159
1990 -98.8951 122.837
1991 -99.3249 122.637
1992 -99.6085 122.551
1993 -99.7566 122.57
1994 -99.7904 122.687
1995 -99.7377 122.901
1996 -99.632 123.213
1997 -99.5098 123.625
1998 -99.4071 124.133
1999 -99.3571 124.727
2000 -99.3856 125.384
2001 -99.5094 126.07
