1 -68.0741 157.011
2 -68.1118 156.852
3 -68.2886 156.787
4 -68.5545 156.81
5 -68.8412 156.897
6 -69.0787 157.009
7 -69.2129 157.105
8 -69.2173 157.15
9 -69.0982 157.127
10 -68.8922 157.039
11 -68.6545 156.909
12 -68.441 156.77
13 -68.2896 156.649
14 -68.2054 156.557
15 -68.158 156.48
16 -68.0908 156.376
17 -67.9404 156.191
18 -67.6561 155.872
19 -67.2152 155.388
20 -66.6303 154.744
21 -65.9465 153.979
22 -65.2324 153.159
23 -64.5613 152.357
24 -63.9902 151.63
25 -63.5461 151.003
26 -63.2164 150.465
27 -62.9539 149.973
28 -62.6912 149.469
29 -62.3651 148.899
30 -61.9401 148.233
31 -61.4233 147.476
32 -60.8679 146.669
33 -60.3591 145.874
34 -59.9869 145.16
35 -59.8185 144.581
36 -59.8734 144.161
37 -60.1174 143.885
38 -60.4777 143.715
39 -60.8677 143.601
40 -61.2142 143.508
41 -61.4749 143.42
42 -61.644 143.349
43 -61.751 143.329
44 -61.8491 143.395
45 -62.0013 143.579
46 -62.2612 143.892
47 -62.6563 144.32
48 -63.1772 144.824
49 -63.7765 145.348
50 -64.3799 145.827
51 -64.9035 146.201
52 -65.2754 146.424
53 -65.4522 146.471
54 -65.4298 146.337
55 -65.2434 146.033
56 -64.9575 145.586
57 -64.6467 145.029
58 -64.3751 144.393
59 -64.1783 143.703
60 -64.0554 142.976
61 -63.9753 142.221
62 -63.8915 141.444
63 -63.7626 140.658
64 -63.5685 139.878
65 -63.3215 139.128
66 -63.0652 138.429
67 -62.8672 137.81
68 -62.8034 137.297
69 -62.9421 136.915
70 -63.3318 136.685
71 -63.9881 136.619
72 -64.889 136.708
73 -65.9761 136.925
74 -67.1641 137.219
75 -68.3612 137.528
76 -69.4882 137.789
77 -70.4995 137.953
78 -71.3879 137.995
79 -72.1817 137.92
80 -72.9327 137.757
81 -73.6903 137.553
82 -74.4747 137.35
83 -75.264 137.178
84 -75.9991 137.044
85 -76.6061 136.933
86 -77.0273 136.822
87 -77.2428 136.687
88 -77.2758 136.515
89 -77.1819 136.313
90 -77.0288 136.101
91 -76.8756 135.915
92 -76.7595 135.793
93 -76.6888 135.766
94 -76.6452 135.849
95 -76.5911 136.035
96 -76.4799 136.292
97 -76.2653 136.572
98 -75.9092 136.818
99 -75.3906 136.983
100 -74.7116 137.042
101 -73.9023 137.002
102 -73.0173 136.898
103 -72.1252 136.78
104 -71.2883 136.693
105 -70.5433 136.661
106 -69.893 136.671
107 -69.313 136.685
108 -68.7725 136.65
109 -68.2574 136.523
110 -67.785 136.28
111 -67.4083 135.928
112 -67.2057 135.503
113 -67.26 135.056
114 -67.6331 134.638
115 -68.3411 134.288
116 -69.3451 134.019
117 -70.5538 133.815
118 -71.8504 133.639
119 -73.1176 133.443
120 -74.2567 133.191
121 -75.2037 132.866
122 -75.9314 132.477
123 -76.442 132.059
124 -76.7551 131.657
125 -76.8963 131.316
126 -76.8852 131.067
127 -76.7286 130.92
128 -76.4196 130.865
129 -75.9438 130.878
130 -75.2893 130.932
131 -74.4558 131.005
132 -73.4621 131.084
133 -72.3517 131.164
134 -71.1905 131.248
135 -70.0543 131.341
136 -69.0147 131.443
137 -68.1211 131.547
138 -67.3879 131.637
139 -66.791 131.685
140 -66.2754 131.658
141 -65.7723 131.521
142 -65.2195 131.246
143 -64.5787 130.818
144 -63.8469 130.24
145 -63.0574 129.538
146 -62.2711 128.754
147 -61.5616 127.943
148 -60.9961 127.158
149 -60.6211 126.448
150 -60.4534 125.846
151 -60.4804 125.374
152 -60.6657 125.036
153 -60.9611 124.832
154 -61.3218 124.755
155 -61.7167 124.8
156 -62.1353 124.967
157 -62.585 125.259
158 -63.0823 125.684
159 -63.6396 126.247
160 -64.2491 126.943
161 -64.8741 127.748
162 -65.4487 128.613
163 -65.8881 129.47
164 -66.1075 130.235
165 -66.0441 130.829
166 -65.672 131.194
167 -65.009 131.305
168 -64.1123 131.173
169 -63.0675 130.843
170 -61.9747 130.379
171 -60.9266 129.843
172 -59.992 129.278
173 -59.2022 128.698
174 -58.5498 128.089
175 -58.0015 127.419
176 -57.5143 126.658
177 -57.0536 125.792
178 -56.607 124.83
179 -56.19 123.813
180 -55.845 122.803
181 -55.6281 121.877
182 -55.5906 121.105
183 -55.7557 120.538
184 -56.1041 120.193
185 -56.5743 120.05
186 -57.0788 120.061
187 -57.5307 120.166
188 -57.8704 120.31
189 -58.0827 120.459
190 -58.1991 120.607
191 -58.2894 120.771
192 -58.4408 120.982
193 -58.7322 121.265
194 -59.2093 121.625
195 -59.8701 122.044
196 -60.6633 122.475
197 -61.502 122.861
198 -62.285 123.147
199 -62.9216 123.295
200 -63.3476 123.29
201 -63.5363 123.149
202 -63.4981 122.91
203 -63.2716 122.624
204 -62.9066 122.339
205 -62.4453 122.086
206 -61.9079 121.868
207 -61.2878 121.665
208 -60.5604 121.444
209 -59.7005 121.175
210 -58.7 120.845
211 -57.584 120.468
212 -56.4146 120.085
213 -55.2861 119.752
214 -54.3081 119.526
215 -53.5826 119.45
216 -53.1816 119.543
217 -53.1322 119.79
218 -53.4138 120.152
219 -53.9669 120.574
220 -54.7085 120.999
221 -55.5498 121.379
222 -56.4147 121.685
223 -57.247 121.91
224 -58.0177 122.058
225 -58.7284 122.147
226 -59.4016 122.198
227 -60.0665 122.225
228 -60.742 122.229
229 -61.4234 122.2
230 -62.0817 122.118
231 -62.6702 121.956
232 -63.1417 121.694
233 -63.466 121.321
234 -63.6428 120.843
235 -63.7056 120.276
236 -63.7119 119.654
237 -63.7264 119.014
238 -63.8024 118.4
239 -63.9663 117.848
240 -64.2118 117.385
241 -64.5015 117.022
242 -64.7762 116.756
243 -64.9698 116.566
244 -65.0237 116.424
245 -64.8975 116.306
246 -64.5763 116.195
247 -64.0727 116.092
248 -63.4228 116.016
249 -62.6799 116.001
250 -61.9024 116.083
251 -61.1424 116.286
252 -60.4391 116.61
253 -59.8129 117.027
254 -59.2706 117.487
255 -58.8164 117.93
256 -58.4609 118.301
257 -58.2253 118.565
258 -58.1411 118.713
259 -58.2423 118.759
260 -58.5539 118.733
261 -59.0815 118.67
262 -59.801 118.601
263 -60.6606 118.541
264 -61.5877 118.491
265 -62.4987 118.437
266 -63.315 118.359
267 -63.9744 118.239
268 -64.4398 118.073
269 -64.7018 117.873
270 -64.7705 117.676
271 -64.672 117.53
272 -64.4385 117.486
273 -64.1009 117.58
274 -63.684 117.815
275 -63.2067 118.16
276 -62.6854 118.555
277 -62.1393 118.929
278 -61.5936 119.22
279 -61.0813 119.388
280 -60.6436 119.425
281 -60.3254 119.343
282 -60.1672 119.17
283 -60.1972 118.933
284 -60.4236 118.654
285 -60.8288 118.339
286 -61.3731 117.986
287 -62.0005 117.587
288 -62.6557 117.142
289 -63.2956 116.662
290 -63.8977 116.176
291 -64.4623 115.732
292 -65.0065 115.388
293 -65.5495 115.198
294 -66.0981 115.201
295 -66.6382 115.405
296 -67.1338 115.791
297 -67.5372 116.316
298 -67.8011 116.927
299 -67.8912 117.576
300 -67.7943 118.232
301 -67.5189 118.883
302 -67.088 119.532
303 -66.5334 120.186
304 -65.8863 120.846
305 -65.1706 121.504
306 -64.4009 122.134
307 -63.5821 122.703
308 -62.7144 123.17
309 -61.7981 123.498
310 -60.8374 123.661
311 -59.8457 123.644
312 -58.8479 123.446
313 -57.8795 123.078
314 -56.9821 122.558
315 -56.195 121.909
316 -55.5459 121.156
317 -55.0427 120.318
318 -54.6731 119.413
319 -54.4082 118.453
320 -54.2109 117.451
321 -54.0464 116.422
322 -53.8926 115.388
323 -53.7439 114.382
324 -53.6137 113.445
325 -53.5291 112.622
326 -53.525 111.959
327 -53.6349 111.498
328 -53.8838 111.266
329 -54.2825 111.278
330 -54.8249 111.537
331 -55.4895 112.032
332 -56.2425 112.741
333 -57.0448 113.629
334 -57.8589 114.654
335 -58.6516 115.766
336 -59.397 116.919
337 -60.0786 118.079
338 -60.6853 119.219
339 -61.2094 120.328
340 -61.6462 121.401
341 -61.991 122.434
342 -62.2389 123.42
343 -62.3857 124.343
344 -62.4294 125.179
345 -62.3735 125.907
346 -62.2284 126.512
347 -62.0123 126.99
348 -61.7505 127.353
349 -61.4735 127.626
350 -61.2141 127.84
351 -61.0026 128.025
352 -60.8631 128.208
353 -60.8118 128.409
354 -60.8559 128.638
355 -60.9947 128.905
356 -61.2224 129.213
357 -61.5295 129.568
358 -61.9056 129.974
359 -62.3393 130.436
360 -62.818 130.955
361 -63.3282 131.533
362 -63.8552 132.168
363 -64.3848 132.855
364 -64.9043 133.583
365 -65.4017 134.34
366 -65.8665 135.114
367 -66.2907 135.894
368 -66.6664 136.671
369 -66.985 137.435
370 -67.2397 138.18
371 -67.4235 138.894
372 -67.5311 139.557
373 -67.5594 140.137
374 -67.5087 140.596
375 -67.3847 140.897
376 -67.1982 141.013
377 -66.9654 140.94
378 -66.7068 140.696
379 -66.4465 140.32
380 -66.2089 139.858
381 -66.0161 139.356
382 -65.8854 138.845
383 -65.826 138.34
384 -65.84 137.844
385 -65.9221 137.355
386 -66.0635 136.878
387 -66.2546 136.427
388 -66.4882 136.035
389 -66.7591 135.744
390 -67.0634 135.603
391 -67.3925 135.653
392 -67.7285 135.918
393 -68.0419 136.396
394 -68.2944 137.065
395 -68.4436 137.878
396 -68.4533 138.781
397 -68.3024 139.724
398 -67.9896 140.667
399 -67.5325 141.594
400 -66.9643 142.502
401 -66.3257 143.395
402 -65.6593 144.274
403 -65.0035 145.127
404 -64.3915 145.925
405 -63.8512 146.625
406 -63.406 147.179
407 -63.0756 147.549
408 -62.8747 147.713
409 -62.8111 147.674
410 -62.8834 147.454
411 -63.0803 147.089
412 -63.3826 146.62
413 -63.7633 146.085
414 -64.1896 145.516
415 -64.6253 144.931
416 -65.0312 144.341
417 -65.3682 143.746
418 -65.6004 143.148
419 -65.7002 142.551
420 -65.6532 141.966
421 -65.4589 141.408
422 -65.1295 140.893
423 -64.6861 140.436
424 -64.1537 140.045
425 -63.5595 139.726
426 -62.9305 139.478
427 -62.294 139.307
428 -61.6796 139.219
429 -61.1191 139.227
430 -60.6452 139.347
431 -60.2884 139.593
432 -60.0718 139.97
433 -60.0083 140.469
434 -60.0981 141.071
435 -60.33 141.746
436 -60.6854 142.46
437 -61.143 143.183
438 -61.6828 143.891
439 -62.2886 144.572
440 -62.9478 145.215
441 -63.6502 145.816
442 -64.3836 146.364
443 -65.1375 146.85
444 -65.9025 147.262
445 -66.6701 147.594
446 -67.436 147.846
447 -68.2004 148.029
448 -68.9675 148.168
449 -69.7422 148.294
450 -70.5264 148.443
451 -71.3155 148.644
452 -72.0955 148.918
453 -72.846 149.269
454 -73.5431 149.684
455 -74.1596 150.136
456 -74.6718 150.593
457 -75.0605 151.019
458 -75.3147 151.389
459 -75.4324 151.69
460 -75.4193 151.917
461 -75.2892 152.074
462 -75.0616 152.16
463 -74.759 152.171
464 -74.4053 152.096
465 -74.0222 151.916
466 -73.6293 151.617
467 -73.244 151.192
468 -72.8808 150.643
469 -72.5517 149.986
470 -72.2677 149.246
471 -72.0381 148.449
472 -71.8699 147.623
473 -71.7668 146.789
474 -71.7285 145.964
475 -71.7493 145.168
476 -71.8166 144.415
477 -71.9109 143.723
478 -72.0063 143.108
479 -72.0733 142.582
480 -72.0843 142.152
481 -72.0183 141.819
482 -71.8644 141.577
483 -71.6252 141.415
484 -71.315 141.319
485 -70.9585 141.276
486 -70.5856 141.276
487 -70.2279 141.316
488 -69.9123 141.395
489 -69.6572 141.516
490 -69.47 141.679
491 -69.3454 141.876
492 -69.268 142.089
493 -69.2163 142.287
494 -69.1698 142.435
495 -69.1125 142.498
496 -69.038 142.454
497 -68.9485 142.296
498 -68.8518 142.038
499 -68.7565 141.705
500 -68.6657 141.325
501 -68.5745 140.922
502 -68.4695 140.505
503 -68.334 140.071
504 -68.1531 139.609
505 -67.9199 139.111
506 -67.6393 138.578
507 -67.3296 138.029
508 -67.0194 137.497
509 -66.7427 137.023
510 -66.531 136.648
511 -66.406 136.401
512 -66.3733 136.293
513 -66.4204 136.31
514 -66.5183 136.418
515 -66.6282 136.569
516 -66.7099 136.711
517 -66.729 136.797
518 -66.6638 136.798
519 -66.5075 136.699
520 -66.2683 136.503
521 -65.9645 136.222
522 -65.6164 135.87
523 -65.2397 135.45
524 -64.8414 134.955
525 -64.4187 134.367
526 -63.9653 133.665
527 -63.4794 132.837
528 -62.9743 131.885
529 -62.4832 130.834
530 -62.0578 129.726
531 -61.761 128.615
532 -61.6533 127.556
533 -61.7782 126.6
534 -62.1498 125.782
535 -62.7476 125.123
536 -63.5197 124.627
537 -64.3946 124.283
538 -65.2947 124.074
539 -66.1503 123.984
540 -66.9104 124.001
541 -67.5462 124.121
542 -68.0481 124.345
543 -68.4214 124.674
544 -68.6781 125.105
545 -68.8292 125.626
546 -68.8819 126.215
547 -68.8398 126.849
548 -68.7054 127.503
549 -68.4839 128.157
550 -68.1878 128.795
551 -67.84 129.403
552 -67.4738 129.963
553 -67.1329 130.456
554 -66.8658 130.86
555 -66.7177 131.157
556 -66.7225 131.333
557 -66.8946 131.38
558 -67.2248 131.292
559 -67.6799 131.064
560 -68.2079 130.683
561 -68.7472 130.132
562 -69.2398 129.393
563 -69.6404 128.456
564 -69.9241 127.326
565 -70.0899 126.029
566 -70.1575 124.613
567 -70.1585 123.142
568 -70.1252 121.688
569 -70.0806 120.322
570 -70.0307 119.098
571 -69.9647 118.055
572 -69.8629 117.209
573 -69.7056 116.561
574 -69.4836 116.099
575 -69.2027 115.808
576 -68.8833 115.674
577 -68.5554 115.689
578 -68.2533 115.851
579 -68.0075 116.156
580 -67.8357 116.593
581 -67.7394 117.135
582 -67.7021 117.735
583 -67.6939 118.329
584 -67.6782 118.841
585 -67.6235 119.206
586 -67.5132 119.383
587 -67.3541 119.362
588 -67.1797 119.174
589 -67.0447 118.876
590 -67.013 118.544
591 -67.14 118.248
592 -67.456 118.041
593 -67.9576 117.944
594 -68.6097 117.95
595 -69.3575 118.036
596 -70.1424 118.173
597 -70.917 118.344
598 -71.6503 118.545
599 -72.3285 118.789
600 -72.9564 119.097
601 -73.548 119.49
602 -74.1187 119.98
603 -74.6783 120.559
604 -75.2259 121.201
605 -75.7469 121.861
606 -76.2171 122.485
607 -76.6092 123.016
608 -76.901 123.413
609 -77.0832 123.649
610 -77.1625 123.721
611 -77.1629 123.641
612 -77.1216 123.434
613 -77.0816 123.128
614 -77.0814 122.748
615 -77.1456 122.311
616 -77.2783 121.83
617 -77.4627 121.317
618 -77.6665 120.784
619 -77.8525 120.247
620 -77.9897 119.73
621 -78.063 119.255
622 -78.0789 118.844
623 -78.0639 118.516
624 -78.0544 118.282
625 -78.0851 118.151
626 -78.1776 118.126
627 -78.3318 118.205
628 -78.5257 118.381
629 -78.7196 118.641
630 -78.8644 118.965
631 -78.9123 119.327
632 -78.8247 119.702
633 -78.5792 120.063
634 -78.1693 120.389
635 -77.6019 120.664
636 -76.8914 120.88
637 -76.0515 121.034
638 -75.0935 121.13
639 -74.0247 121.173
640 -72.8452 121.169
641 -71.5563 121.12
642 -70.1688 121.025
643 -68.7057 120.879
644 -67.2063 120.676
645 -65.7275 120.413
646 -64.3378 120.097
647 -63.1118 119.744
648 -62.117 119.378
649 -61.4021 119.027
650 -60.9928 118.717
651 -60.8841 118.466
652 -61.0407 118.282
653 -61.4067 118.161
654 -61.9163 118.097
655 -62.5094 118.081
656 -63.1395 118.112
657 -63.7753 118.198
658 -64.3954 118.354
659 -64.9807 118.594
660 -65.5065 118.929
661 -65.9416 119.353
662 -66.251 119.849
663 -66.4033 120.385
664 -66.3779 120.924
665 -66.1694 121.436
666 -65.7882 121.902
667 -65.2604 122.32
668 -64.624 122.704
669 -63.9244 123.078
670 -63.2089 123.466
671 -62.5178 123.882
672 -61.8791 124.324
673 -61.2978 124.771
674 -60.7555 125.191
675 -60.2215 125.545
676 -59.6627 125.802
677 -59.0565 125.946
678 -58.4003 125.985
679 -57.7153 125.947
680 -57.0428 125.877
681 -56.4311 125.821
682 -55.9202 125.818
683 -55.5291 125.89
684 -55.2514 126.038
685 -55.0597 126.245
686 -54.9187 126.49
687 -54.7991 126.755
688 -54.689 127.036
689 -54.5987 127.346
690 -54.5585 127.71
691 -54.6098 128.158
692 -54.7918 128.708
693 -55.1288 129.361
694 -55.6205 130.094
695 -56.2393 130.868
696 -56.9352 131.633
697 -57.6445 132.342
698 -58.3045 132.962
699 -58.8639 133.479
700 -59.2903 133.897
701 -59.5748 134.233
702 -59.7323 134.511
703 -59.7933 134.756
704 -59.7947 134.986
705 -59.7677 135.214
706 -59.7293 135.447
707 -59.6774 135.687
708 -59.5944 135.936
709 -59.4529 136.192
710 -59.2261 136.457
711 -58.8953 136.732
712 -58.457 137.014
713 -57.9244 137.302
714 -57.3254 137.588
715 -56.6949 137.86
716 -56.0662 138.106
717 -55.4634 138.312
718 -54.8945 138.463
719 -54.3501 138.547
720 -53.8091 138.549
721 -53.2467 138.455
722 -52.6437 138.254
723 -51.9935 137.937
724 -51.3077 137.503
725 -50.6165 136.962
726 -49.9633 136.336
727 -49.3971 135.66
728 -48.9631 134.977
729 -48.6922 134.331
730 -48.5921 133.76
731 -48.6433 133.29
732 -48.8031 132.935
733 -49.0139 132.695
734 -49.2166 132.564
735 -49.3649 132.533
736 -49.4335 132.596
737 -49.4227 132.753
738 -49.3532 133.01
739 -49.2577 133.376
740 -49.1695 133.856
741 -49.1133 134.442
742 -49.1004 135.116
743 -49.1312 135.842
744 -49.1997 136.575
745 -49.3021 137.275
746 -49.4414 137.91
747 -49.6308 138.465
748 -49.8923 138.941
749 -50.2543 139.353
750 -50.7445 139.721
751 -51.3846 140.059
752 -52.1811 140.375
753 -53.1219 140.669
754 -54.1731 140.937
755 -55.2767 141.166
756 -56.3588 141.343
757 -57.3399 141.454
758 -58.1492 141.487
759 -58.7346 141.433
760 -59.0682 141.294
761 -59.1467 141.076
762 -58.9885 140.794
763 -58.6276 140.468
764 -58.1078 140.115
765 -57.4775 139.752
766 -56.7891 139.387
767 -56.0961 139.026
768 -55.4547 138.671
769 -54.9208 138.325
770 -54.5446 137.989
771 -54.3677 137.661
772 -54.4187 137.339
773 -54.7096 137.015
774 -55.2367 136.688
775 -55.9786 136.358
776 -56.8988 136.04
777 -57.9474 135.751
778 -59.0613 135.513
779 -60.1699 135.342
780 -61.2034 135.242
781 -62.1005 135.208
782 -62.8159 135.224
783 -63.3206 135.269
784 -63.6019 135.323
785 -63.663 135.372
786 -63.5208 135.411
787 -63.2031 135.443
788 -62.7475 135.48
789 -62.2004 135.537
790 -61.6138 135.627
791 -61.0422 135.757
792 -60.5397 135.925
793 -60.1564 136.12
794 -59.9343 136.326
795 -59.9037 136.527
796 -60.0815 136.71
797 -60.4688 136.869
798 -61.0507 137.004
799 -61.7982 137.118
800 -62.6728 137.211
801 -63.6322 137.278
802 -64.6351 137.308
803 -65.6475 137.29
804 -66.6441 137.211
805 -67.608 137.066
806 -68.5297 136.856
807 -69.4078 136.593
808 -70.2419 136.295
809 -71.032 135.982
810 -71.7792 135.676
811 -72.4824 135.392
812 -73.1383 135.144
813 -73.7426 134.937
814 -74.2904 134.78
815 -74.7777 134.678
816 -75.2023 134.638
817 -75.561 134.667
818 -75.8492 134.772
819 -76.0585 134.954
820 -76.1753 135.206
821 -76.183 135.504
822 -76.0633 135.815
823 -75.8009 136.094
824 -75.3871 136.295
825 -74.8244 136.384
826 -74.1288 136.345
827 -73.3324 136.185
828 -72.4789 135.931
829 -71.6182 135.617
830 -70.7981 135.277
831 -70.0556 134.93
832 -69.4115 134.579
833 -68.8701 134.211
834 -68.4246 133.81
835 -68.0654 133.365
836 -67.7868 132.877
837 -67.5892 132.366
838 -67.4798 131.865
839 -67.4671 131.414
840 -67.5571 131.051
841 -67.7493 130.803
842 -68.0366 130.678
843 -68.4045 130.673
844 -68.8342 130.766
845 -69.3061 130.931
846 -69.8037 131.143
847 -70.3165 131.382
848 -70.8447 131.64
849 -71.4006 131.921
850 -72.0065 132.236
851 -72.689 132.595
852 -73.4689 133
853 -74.3536 133.435
854 -75.3303 133.874
855 -76.3663 134.278
856 -77.4158 134.609
857 -78.4292 134.837
858 -79.3646 134.946
859 -80.194 134.937
860 -80.9034 134.819
861 -81.4893 134.606
862 -81.9547 134.31
863 -82.3049 133.935
864 -82.5437 133.483
865 -82.6729 132.953
866 -82.6942 132.353
867 -82.6109 131.695
868 -82.4317 131.004
869 -82.1713 130.309
870 -81.8516 129.639
871 -81.5008 129.023
872 -81.1509 128.48
873 -80.8342 128.027
874 -80.579 127.674
875 -80.4044 127.43
876 -80.3167 127.299
877 -80.3091 127.286
878 -80.3632 127.387
879 -80.4526 127.592
880 -80.5497 127.884
881 -80.632 128.239
882 -80.6863 128.632
883 -80.7118 129.037
884 -80.7176 129.43
885 -80.7197 129.793
886 -80.7365 130.11
887 -80.7822 130.372
888 -80.8639 130.566
889 -80.9803 130.681
890 -81.1244 130.704
891 -81.2884 130.618
892 -81.4695 130.409
893 -81.6744 130.069
894 -81.9197 129.598
895 -82.2284 129.013
896 -82.6221 128.341
897 -83.1133 127.62
898 -83.6953 126.889
899 -84.3388 126.183
900 -84.997 125.523
901 -85.6134 124.914
902 -86.1322 124.351
903 -86.511 123.826
904 -86.7277 123.338
905 -86.7829 122.901
906 -86.6992 122.544
907 -86.5165 122.307
908 -86.2838 122.232
909 -86.0486 122.345
910 -85.8468 122.651
911 -85.6952 123.124
912 -85.5895 123.715
913 -85.5123 124.358
914 -85.4426 124.989
915 -85.3685 125.555
916 -85.2937 126.025
917 -85.2408 126.389
918 -85.2438 126.658
919 -85.338 126.849
920 -85.5464 126.978
921 -85.8696 127.052
922 -86.283 127.059
923 -86.7435 126.98
924 -87.2024 126.791
925 -87.6172 126.474
926 -87.9613 126.029
927 -88.2277 125.474
928 -88.4259 124.849
929 -88.5749 124.201
930 -88.6959 123.583
931 -88.8066 123.034
932 -88.916 122.579
933 -89.023 122.217
934 -89.1163 121.934
935 -89.1764 121.703
936 -89.1798 121.497
937 -89.1053 121.298
938 -88.94 121.101
939 -88.6846 120.915
940 -88.358 120.759
941 -87.9937 120.653
942 -87.6331 120.613
943 -87.3147 120.648
944 -87.0651 120.751
945 -86.8945 120.911
946 -86.8002 121.113
947 -86.7753 121.347
948 -86.817 121.616
949 -86.9339 121.93
950 -87.1457 122.306
951 -87.4778 122.763
952 -87.952 123.31
953 -88.5796 123.942
954 -89.3561 124.643
955 -90.2602 125.38
956 -91.259 126.117
957 -92.3133 126.816
958 -93.3841 127.446
959 -94.4372 127.981
960 -95.4463 128.407
961 -96.3942 128.715
962 -97.2712 128.904
963 -98.0748 128.972
964 -98.8082 128.925
965 -99.474 128.765
966 -100.073 128.501
967 -100.599 128.138
968 -101.042 127.686
969 -101.386 127.155
970 -101.612 126.558
971 -101.709 125.912
972 -101.671 125.235
973 -101.506 124.548
974 -101.231 123.876
975 -100.868 123.242
976 -100.438 122.674
977 -99.9533 122.189
978 -99.4159 121.8
979 -98.8178 121.507
980 -98.1449 121.296
981 -97.3832 121.143
982 -96.5258 121.016
983 -95.576 120.887
984 -94.5495 120.732
985 -93.4744 120.545
986 -92.3891 120.334
987 -91.3367 120.121
988 -90.3571 119.933
989 -89.4798 119.795
990 -88.7193 119.72
991 -88.0727 119.707
992 -87.5229 119.742
993 -87.0459 119.806
994 -86.6203 119.877
995 -86.2345 119.942
996 -85.8901 120
997 -85.6003 120.062
998 -85.3846 120.148
999 -85.261 120.278
1000 -85.235 120.466
1001 -85.2965 120.709
1002 -85.419 120.989
1003 -85.566 121.271
1004 -85.6991 121.514
1005 -85.7883 121.678
1006 -85.8179 121.735
1007 -85.7905 121.674
1008 -85.7248 121.499
1009 -85.65 121.229
1010 -85.5965 120.888
1011 -85.5874 120.497
1012 -85.6289 120.07
1013 -85.7079 119.609
1014 -85.793 119.11
1015 -85.8422 118.563
1016 -85.8121 117.965
1017 -85.668 117.319
1018 -85.3912 116.641
1019 -84.9827 115.955
1020 -84.4616 115.298
1021 -83.8606 114.711
1022 -83.2188 114.234
1023 -82.5728 113.9
1024 -81.9503 113.728
1025 -81.3675 113.723
1026 -80.8306 113.875
1027 -80.3412 114.166
1028 -79.9034 114.573
1029 -79.5292 115.075
1030 -79.2405 115.656
1031 -79.0677 116.301
1032 -79.0422 116.999
1033 -79.1889 117.731
1034 -79.5183 118.474
1035 -80.0212 119.203
1036 -80.6673 119.892
1037 -81.4113 120.519
1038 -82.1993 121.066
1039 -82.9767 121.518
1040 -83.696 121.868
1041 -84.3221 122.109
1042 -84.8319 122.242
1043 -85.2132 122.269
1044 -85.4624 122.199
1045 -85.5785 122.045
1046 -85.5601 121.819
1047 -85.4047 121.534
1048 -85.1078 121.197
1049 -84.666 120.814
1050 -84.0811 120.387
1051 -83.3645 119.926
1052 -82.5401 119.443
1053 -81.6445 118.962
1054 -80.7238 118.511
1055 -79.8258 118.117
1056 -78.9932 117.805
1057 -78.2575 117.588
1058 -77.6343 117.47
1059 -77.1242 117.447
1060 -76.7206 117.51
1061 -76.4151 117.65
1062 -76.2036 117.859
1063 -76.0903 118.13
1064 -76.0854 118.46
1065 -76.2007 118.841
1066 -76.4431 119.268
1067 -76.8079 119.729
1068 -77.2764 120.208
1069 -77.8171 120.684
1070 -78.39 121.13
1071 -78.9531 121.516
1072 -79.4701 121.809
1073 -79.9146 121.984
1074 -80.2731 122.023
1075 -80.5415 121.921
1076 -80.7226 121.684
1077 -80.8206 121.329
1078 -80.8371 120.876
1079 -80.7668 120.347
1080 -80.5978 119.758
1081 -80.3128 119.12
1082 -79.8949 118.437
1083 -79.3337 117.72
1084 -78.6316 116.983
1085 -77.8056 116.253
1086 -76.8883 115.566
1087 -75.9235 114.965
1088 -74.9601 114.493
1089 -74.0418 114.182
1090 -73.1985 114.042
1091 -72.4398 114.063
1092 -71.7539 114.213
1093 -71.1153 114.447
1094 -70.4947 114.712
1095 -69.868 114.963
1096 -69.2253 115.165
1097 -68.575 115.296
1098 -67.9413 115.346
1099 -67.359 115.314
1100 -66.8641 115.202
1101 -66.485 115.013
1102 -66.2373 114.745
1103 -66.1216 114.396
1104 -66.1266 113.964
1105 -66.234 113.453
1106 -66.425 112.879
1107 -66.6864 112.267
1108 -67.0138 111.656
1109 -67.4116 111.093
1110 -67.8918 110.624
1111 -68.4683 110.286
1112 -69.1481 110.106
1113 -69.9269 110.091
1114 -70.785 110.229
1115 -71.6848 110.495
1116 -72.5777 110.852
1117 -73.411 111.262
1118 -74.138 111.687
1119 -74.7259 112.098
1120 -75.1575 112.475
1121 -75.4319 112.805
1122 -75.5615 113.082
1123 -75.5671 113.304
1124 -75.4722 113.471
1125 -75.2977 113.585
1126 -75.0592 113.65
1127 -74.7655 113.672
1128 -74.4222 113.659
1129 -74.0354 113.622
1130 -73.6154 113.572
1131 -73.1793 113.521
1132 -72.7512 113.477
1133 -72.3581 113.446
1134 -72.0244 113.435
1135 -71.7703 113.452
1136 -71.6059 113.503
1137 -71.5296 113.596
1138 -71.5279 113.733
1139 -71.577 113.908
1140 -71.6455 114.11
1141 -71.6982 114.318
1142 -71.701 114.508
1143 -71.6257 114.661
1144 -71.4548 114.763
1145 -71.185 114.811
1146 -70.8282 114.81
1147 -70.4103 114.778
1148 -69.9667 114.735
1149 -69.5373 114.704
1150 -69.1613 114.706
1151 -68.8726 114.758
1152 -68.6982 114.867
1153 -68.6578 115.034
1154 -68.7626 115.252
1155 -69.016 115.509
1156 -69.4129 115.793
1157 -69.9405 116.092
1158 -70.5792 116.401
1159 -71.305 116.717
1160 -72.0911 117.037
1161 -72.9084 117.358
1162 -73.725 117.672
1163 -74.5088 117.969
1164 -75.227 118.239
1165 -75.8432 118.469
1166 -76.3198 118.649
1167 -76.6219 118.771
1168 -76.721 118.832
1169 -76.6014 118.834
1170 -76.2607 118.781
1171 -75.7132 118.685
1172 -74.9914 118.565
1173 -74.1431 118.442
1174 -73.2272 118.34
1175 -72.308 118.281
1176 -71.447 118.281
1177 -70.6944 118.346
1178 -70.0833 118.469
1179 -69.6268 118.638
1180 -69.3197 118.835
1181 -69.1439 119.037
1182 -69.0751 119.224
1183 -69.0907 119.381
1184 -69.1746 119.5
1185 -69.3196 119.581
1186 -69.5259 119.633
1187 -69.7947 119.672
1188 -70.123 119.713
1189 -70.4981 119.767
1190 -70.8939 119.835
1191 -71.2725 119.911
1192 -71.5912 119.983
1193 -71.8104 120.038
1194 -71.8997 120.07
1195 -71.8449 120.081
1196 -71.6474 120.079
1197 -71.3227 120.08
1198 -70.8971 120.1
1199 -70.4017 120.157
1200 -69.8667 120.262
1201 -69.3163 120.422
1202 -68.7675 120.634
1203 -68.2276 120.887
1204 -67.6963 121.168
1205 -67.1719 121.459
1206 -66.6541 121.743
1207 -66.1507 122.011
1208 -65.6773 122.261
1209 -65.2568 122.5
1210 -64.9168 122.735
1211 -64.6821 122.974
1212 -64.5691 123.221
1213 -64.5812 123.471
1214 -64.7074 123.713
1215 -64.924 123.934
1216 -65.1996 124.119
1217 -65.4999 124.259
1218 -65.7934 124.349
1219 -66.0528 124.389
1220 -66.2575 124.385
1221 -66.3925 124.34
1222 -66.4461 124.262
1223 -66.4084 124.158
1224 -66.2716 124.035
1225 -66.0289 123.901
1226 -65.6767 123.762
1227 -65.2174 123.624
1228 -64.6618 123.49
1229 -64.0315 123.363
1230 -63.3594 123.246
1231 -62.6873 123.144
1232 -62.0601 123.068
1233 -61.5204 123.029
1234 -61.1017 123.045
1235 -60.8239 123.131
1236 -60.6928 123.299
1237 -60.7011 123.557
1238 -60.8323 123.906
1239 -61.0659 124.34
1240 -61.3819 124.851
1241 -61.7638 125.43
1242 -62.1988 126.07
1243 -62.6747 126.76
1244 -63.1755 127.489
1245 -63.6815 128.243
1246 -64.1665 129.006
1247 -64.5988 129.755
1248 -64.9451 130.468
1249 -65.1753 131.119
1250 -65.2687 131.686
1251 -65.22 132.152
1252 -65.0404 132.506
1253 -64.7586 132.747
1254 -64.416 132.877
1255 -64.0583 132.908
1256 -63.7268 132.85
1257 -63.4498 132.716
1258 -63.2382 132.516
1259 -63.0847 132.252
1260 -62.9678 131.927
1261 -62.8606 131.536
1262 -62.7379 131.08
1263 -62.5849 130.568
1264 -62.4019 130.021
1265 -62.2041 129.475
1266 -62.019 128.978
1267 -61.8761 128.577
1268 -61.7984 128.314
1269 -61.7935 128.213
1270 -61.8473 128.275
1271 -61.9269 128.478
1272 -61.989 128.787
1273 -61.9934 129.164
1274 -61.9134 129.575
1275 -61.7442 129.997
1276 -61.5029 130.417
1277 -61.2238 130.829
1278 -60.948 131.233
1279 -60.714 131.626
1280 -60.5476 132.003
1281 -60.4575 132.354
1282 -60.4368 132.66
1283 -60.4657 132.899
1284 -60.52 133.045
1285 -60.5776 133.081
1286 -60.6241 132.996
1287 -60.6559 132.796
1288 -60.6795 132.5
1289 -60.7086 132.137
1290 -60.7578 131.745
1291 -60.8352 131.358
1292 -60.9359 131.003
1293 -61.0385 130.698
1294 -61.1053 130.45
1295 -61.0888 130.257
1296 -60.9419 130.113
1297 -60.6282 130.01
1298 -60.1319 129.945
1299 -59.4616 129.922
1300 -58.6509 129.955
1301 -57.7523 130.065
1302 -56.8274 130.276
1303 -55.9396 130.611
1304 -55.1449 131.082
1305 -54.4846 131.684
1306 -53.985 132.397
1307 -53.6589 133.182
1308 -53.5107 133.992
1309 -53.5419 134.779
1310 -53.7567 135.503
1311 -54.1622 136.128
1312 -54.7657 136.632
1313 -55.5705 137.004
1314 -56.5684 137.242
1315 -57.7338 137.354
1316 -59.0208 137.354
1317 -60.3661 137.259
1318 -61.6974 137.083
1319 -62.9449 136.84
1320 -64.0514 136.542
1321 -64.9787 136.199
1322 -65.7114 135.827
1323 -66.2518 135.449
1324 -66.6155 135.095
1325 -66.8278 134.801
1326 -66.9156 134.602
1327 -66.9022 134.529
1328 -66.8034 134.601
1329 -66.6275 134.828
1330 -66.3776 135.205
1331 -66.0567 135.721
1332 -65.6712 136.357
1333 -65.2356 137.093
1334 -64.7727 137.9
1335 -64.3096 138.752
1336 -63.8734 139.617
1337 -63.4853 140.464
1338 -63.158 141.259
1339 -62.8941 141.969
1340 -62.6853 142.562
1341 -62.5178 143.006
1342 -62.3758 143.276
1343 -62.2466 143.353
1344 -62.1234 143.228
1345 -62.0045 142.906
1346 -61.8926 142.406
1347 -61.7917 141.758
1348 -61.7039 141
1349 -61.6272 140.174
1350 -61.5548 139.314
1351 -61.4753 138.448
1352 -61.3762 137.6
1353 -61.2469 136.788
1354 -61.0823 136.033
1355 -60.8852 135.352
1356 -60.6667 134.764
1357 -60.4442 134.281
1358 -60.2375 133.914
1359 -60.0646 133.667
1360 -59.9363 133.534
1361 -59.8545 133.506
1362 -59.8118 133.564
1363 -59.7932 133.685
1364 -59.7815 133.843
1365 -59.7611 134.009
1366 -59.7235 134.162
1367 -59.668 134.286
1368 -59.601 134.373
1369 -59.5324 134.424
1370 -59.4707 134.44
1371 -59.418 134.419
1372 -59.3667 134.355
1373 -59.2984 134.23
1374 -59.1865 134.026
1375 -59.0002 133.722
1376 -58.7104 133.308
1377 -58.2944 132.78
1378 -57.7403 132.148
1379 -57.0485 131.43
1380 -56.2299 130.649
1381 -55.3034 129.831
1382 -54.2899 128.998
1383 -53.2111 128.169
1384 -52.0853 127.364
1385 -50.9231 126.594
1386 -49.7306 125.868
1387 -48.5128 125.192
1388 -47.2774 124.566
1389 -46.0377 123.989
1390 -44.817 123.463
1391 -43.6458 122.992
1392 -42.5611 122.584
1393 -41.5964 122.249
1394 -40.7757 121.994
1395 -40.1106 121.819
1396 -39.5966 121.718
1397 -39.2141 121.671
1398 -38.9331 121.655
1399 -38.72 121.639
1400 -38.5446 121.6
1401 -38.3862 121.519
1402 -38.2356 121.387
1403 -38.0943 121.206
1404 -37.9716 120.983
1405 -37.8802 120.734
1406 -37.8313 120.471
1407 -37.8308 120.21
1408 -37.8788 119.962
1409 -37.9704 119.733
1410 -38.0996 119.529
1411 -38.2634 119.355
1412 -38.4653 119.217
1413 -38.7157 119.124
1414 -39.0314 119.083
1415 -39.4301 119.102
1416 -39.9265 119.188
1417 -40.5283 119.342
1418 -41.2321 119.563
1419 -42.0241 119.843
1420 -42.8835 120.17
1421 -43.7861 120.529
1422 -44.7106 120.902
1423 -45.6416 121.272
1424 -46.5708 121.626
1425 -47.4974 121.957
1426 -48.4234 122.269
1427 -49.3512 122.568
1428 -50.2786 122.865
1429 -51.1948 123.167
1430 -52.0833 123.475
1431 -52.9226 123.785
1432 -53.6925 124.086
1433 -54.3798 124.372
1434 -54.9839 124.645
1435 -55.5186 124.916
1436 -56.0098 125.208
1437 -56.4912 125.548
1438 -56.9962 125.965
1439 -57.5498 126.479
1440 -58.1623 127.1
1441 -58.8279 127.822
1442 -59.5296 128.63
1443 -60.2428 129.497
1444 -60.9437 130.391
1445 -61.6177 131.278
1446 -62.2617 132.132
1447 -62.8825 132.932
1448 -63.4948 133.667
1449 -64.1154 134.332
1450 -64.7561 134.92
1451 -65.4179 135.424
1452 -66.0876 135.824
1453 -66.7403 136.092
1454 -67.3425 136.196
1455 -67.8572 136.104
1456 -68.2521 135.794
1457 -68.5053 135.26
1458 -68.611 134.516
1459 -68.5806 133.598
1460 -68.4428 132.554
1461 -68.2389 131.443
1462 -68.0161 130.321
1463 -67.8196 129.241
1464 -67.6845 128.244
1465 -67.6311 127.359
1466 -67.6659 126.607
1467 -67.7842 126
1468 -67.9786 125.55
1469 -68.2447 125.266
1470 -68.5854 125.155
1471 -69.0115 125.223
1472 -69.5367 125.469
1473 -70.1709 125.887
1474 -70.9119 126.465
1475 -71.7402 127.181
1476 -72.6171 128.004
1477 -73.4879 128.895
1478 -74.2921 129.808
1479 -74.9742 130.697
1480 -75.4873 131.518
1481 -75.802 132.236
1482 -75.9069 132.824
1483 -75.8084 133.265
1484 -75.527 133.553
1485 -75.0933 133.684
1486 -74.5426 133.66
1487 -73.9112 133.487
1488 -73.2314 133.169
1489 -72.5293 132.712
1490 -71.8261 132.121
1491 -71.1376 131.403
1492 -70.4784 130.569
1493 -69.8618 129.63
1494 -69.3 128.605
1495 -68.8076 127.521
1496 -68.3979 126.41
1497 -68.0813 125.308
1498 -67.8618 124.251
1499 -67.7365 123.262
1500 -67.6942 122.358
1501 -67.7175 121.542
1502 -67.7853 120.808
1503 -67.8772 120.15
1504 -67.9772 119.559
1505 -68.0755 119.033
1506 -68.1698 118.577
1507 -68.2657 118.203
1508 -68.3741 117.923
1509 -68.5091 117.746
1510 -68.6856 117.679
1511 -68.9186 117.718
1512 -69.2227 117.852
1513 -69.6127 118.06
1514 -70.1037 118.32
1515 -70.7118 118.608
1516 -71.4518 118.908
1517 -72.3349 119.212
1518 -73.3655 119.52
1519 -74.5393 119.835
1520 -75.8417 120.161
1521 -77.2484 120.494
1522 -78.7283 120.827
1523 -80.2491 121.147
1524 -81.7819 121.443
1525 -83.3017 121.712
1526 -84.7895 121.955
1527 -86.2316 122.178
1528 -87.6175 122.389
1529 -88.9369 122.593
1530 -90.1786 122.789
1531 -91.3288 122.97
1532 -92.3701 123.129
1533 -93.2887 123.257
1534 -94.0767 123.349
1535 -94.7291 123.405
1536 -95.2483 123.425
1537 -95.6435 123.415
1538 -95.9313 123.378
1539 -96.1337 123.325
1540 -96.2733 123.262
1541 -96.37 123.197
1542 -96.4383 123.132
1543 -96.4853 123.064
1544 -96.5117 122.983
1545 -96.5136 122.871
1546 -96.4868 122.714
1547 -96.431 122.501
1548 -96.3522 122.229
1549 -96.2637 121.907
1550 -96.1848 121.548
1551 -96.1354 121.166
1552 -96.1299 120.774
1553 -96.171 120.372
1554 -96.2473 119.952
1555 -96.335 119.501
1556 -96.4024 119.002
1557 -96.4187 118.444
1558 -96.3615 117.823
1559 -96.223 117.145
1560 -96.0133 116.427
1561 -95.7585 115.697
1562 -95.4981 114.986
1563 -95.2766 114.328
1564 -95.1352 113.753
1565 -95.1022 113.279
1566 -95.1882 112.911
1567 -95.3849 112.644
1568 -95.6703 112.463
1569 -96.0149 112.349
1570 -96.3903 112.287
1571 -96.7749 112.27
1572 -97.159 112.297
1573 -97.5424 112.376
1574 -97.9298 112.519
1575 -98.3275 112.735
1576 -98.7343 113.028
1577 -99.1381 113.387
1578 -99.5136 113.792
1579 -99.8248 114.211
1580 -100.033 114.607
1581 -100.105 114.948
1582 -100.021 115.207
1583 -99.7786 115.372
1584 -99.3983 115.443
1585 -98.9181 115.434
1586 -98.3872 115.366
1587 -97.8541 115.266
1588 -97.3601 115.156
1589 -96.9304 115.051
1590 -96.5695 114.953
1591 -96.2649 114.85
1592 -95.995 114.723
1593 -95.7385 114.548
1594 -95.4828 114.31
1595 -95.2278 114.007
1596 -94.9874 113.656
1597 -94.7854 113.29
1598 -94.6498 112.954
1599 -94.6038 112.688
1600 -94.6564 112.517
1601 -94.7973 112.441
1602 -94.9966 112.435
1603 -95.2103 112.455
1604 -95.3898 112.454
1605 -95.4925 112.39
1606 -95.4904 112.243
1607 -95.3757 112.014
1608 -95.16 111.728
1609 -94.8695 111.419
1610 -94.5352 111.127
1611 -94.1822 110.883
1612 -93.8199 110.705
1613 -93.4395 110.589
1614 -93.0169 110.523
1615 -92.5225 110.484
1616 -91.9334 110.457
1617 -91.243 110.438
1618 -90.4675 110.439
1619 -89.6464 110.491
1620 -88.836 110.631
1621 -88.0988 110.898
1622 -87.4917 111.321
1623 -87.0531 111.907
1624 -86.7964 112.636
1625 -86.7119 113.465
1626 -86.7728 114.332
1627 -86.9449 115.167
1628 -87.1958 115.909
1629 -87.5021 116.513
1630 -87.8509 116.951
1631 -88.2369 117.212
1632 -88.6598 117.294
1633 -89.1175 117.205
1634 -89.605 116.948
1635 -90.1112 116.529
1636 -90.621 115.955
1637 -91.1184 115.234
1638 -91.5887 114.387
1639 -92.0234 113.45
1640 -92.4238 112.473
1641 -92.8008 111.52
1642 -93.1722 110.662
1643 -93.5573 109.965
1644 -93.9712 109.484
1645 -94.4188 109.253
1646 -94.8917 109.282
1647 -95.3703 109.554
1648 -95.8273 110.036
1649 -96.2338 110.686
1650 -96.566 111.459
1651 -96.8093 112.314
1652 -96.96 113.213
1653 -97.0241 114.125
1654 -97.0137 115.02
1655 -96.9435 115.872
1656 -96.8267 116.654
1657 -96.6744 117.338
1658 -96.4934 117.901
1659 -96.2873 118.324
1660 -96.0594 118.592
1661 -95.8141 118.696
1662 -95.5592 118.637
1663 -95.3072 118.425
1664 -95.0741 118.084
1665 -94.8765 117.643
1666 -94.7268 117.136
1667 -94.6299 116.594
1668 -94.5796 116.041
1669 -94.5595 115.494
1670 -94.5458 114.958
1671 -94.5122 114.437
1672 -94.436 113.935
1673 -94.304 113.459
1674 -94.1162 113.029
1675 -93.8869 112.667
1676 -93.6421 112.405
1677 -93.4149 112.273
1678 -93.2347 112.293
1679 -93.1199 112.477
1680 -93.074 112.819
1681 -93.0852 113.297
1682 -93.1308 113.873
1683 -93.1855 114.504
1684 -93.2297 115.142
1685 -93.255 115.752
1686 -93.2658 116.316
1687 -93.2773 116.834
1688 -93.3095 117.32
1689 -93.379 117.794
1690 -93.4935 118.27
1691 -93.6456 118.75
1692 -93.8136 119.218
1693 -93.9642 119.647
1694 -94.0591 120.008
1695 -94.0628 120.281
1696 -93.9505 120.46
1697 -93.7129 120.563
1698 -93.3595 120.621
1699 -92.9137 120.678
1700 -92.4059 120.779
1701 -91.8621 120.957
1702 -91.2933 121.227
1703 -90.6898 121.581
1704 -90.0244 121.991
1705 -89.2611 122.414
1706 -88.3684 122.803
1707 -87.3297 123.122
1708 -86.1521 123.351
1709 -84.8661 123.488
1710 -83.5189 123.553
1711 -82.1657 123.575
1712 -80.8568 123.586
1713 -79.6274 123.602
1714 -78.4927 123.623
1715 -77.446 123.626
1716 -76.4658 123.574
1717 -75.5275 123.43
1718 -74.6147 123.167
1719 -73.7287 122.781
1720 -72.8966 122.295
1721 -72.1682 121.753
1722 -71.605 121.21
1723 -71.2647 120.72
1724 -71.1834 120.322
1725 -71.36 120.03
1726 -71.7537 119.833
1727 -72.2944 119.703
1728 -72.8989 119.606
1729 -73.4904 119.514
1730 -74.0148 119.416
1731 -74.447 119.317
1732 -74.7899 119.238
1733 -75.0646 119.21
1734 -75.2969 119.262
1735 -75.506 119.413
1736 -75.6933 119.666
1737 -75.8422 120.006
1738 -75.9196 120.405
1739 -75.8871 120.823
1740 -75.7117 121.228
1741 -75.3764 121.594
1742 -74.8871 121.913
1743 -74.2725 122.191
1744 -73.5802 122.447
1745 -72.8668 122.703
1746 -72.186 122.976
1747 -71.5757 123.276
1748 -71.0512 123.592
1749 -70.6043 123.904
1750 -70.2099 124.181
1751 -69.8362 124.388
1752 -69.4573 124.499
1753 -69.0621 124.493
1754 -68.6607 124.37
1755 -68.2843 124.139
1756 -67.9801 123.826
1757 -67.8006 123.463
1758 -67.7886 123.084
1759 -67.9644 122.71
1760 -68.3194 122.353
1761 -68.8151 122.01
1762 -69.393 121.665
1763 -69.9884 121.304
1764 -70.5458 120.918
1765 -71.0324 120.512
1766 -71.4426 120.109
1767 -71.796 119.748
1768 -72.1248 119.475
1769 -72.4613 119.332
1770 -72.8234 119.349
1771 -73.2065 119.531
1772 -73.5821 119.859
1773 -73.9071 120.299
1774 -74.1374 120.807
1775 -74.2377 121.345
1776 -74.1931 121.885
1777 -74.0134 122.417
1778 -73.7305 122.946
1779 -73.3914 123.485
1780 -73.0469 124.047
1781 -72.7388 124.635
1782 -72.49 125.239
1783 -72.2975 125.837
1784 -72.1366 126.396
1785 -71.971 126.882
1786 -71.7661 127.264
1787 -71.5033 127.525
1788 -71.1873 127.67
1789 -70.8476 127.719
1790 -70.5342 127.714
1791 -70.3034 127.703
1792 -70.2025 127.73
1793 -70.2554 127.826
1794 -70.4557 127.998
1795 -70.7692 128.229
1796 -71.1444 128.483
1797 -71.527 128.72
1798 -71.8745 128.905
1799 -72.1661 129.022
1800 -72.403 129.074
1801 -72.6051 129.079
1802 -72.8005 129.061
1803 -73.0114 129.035
1804 -73.2427 129.001
1805 -73.4764 128.937
1806 -73.6731 128.808
1807 -73.7807 128.568
1808 -73.7488 128.179
1809 -73.5408 127.614
1810 -73.146 126.869
1811 -72.5848 125.959
1812 -71.9058 124.923
1813 -71.1808 123.819
1814 -70.4905 122.719
1815 -69.9052 121.693
1816 -69.4705 120.799
1817 -69.2007 120.079
1818 -69.0792 119.551
1819 -69.0686 119.212
1820 -69.1278 119.056
1821 -69.2264 119.079
1822 -69.354 119.289
1823 -69.5221 119.703
1824 -69.757 120.342
1825 -70.0852 121.22
1826 -70.5175 122.334
1827 -71.0376 123.652
1828 -71.5987 125.115
1829 -72.1322 126.645
1830 -72.5656 128.157
1831 -72.8393 129.577
1832 -72.9201 130.844
1833 -72.8082 131.921
1834 -72.5364 132.793
1835 -72.1625 133.459
1836 -71.7585 133.928
1837 -71.3956 134.213
1838 -71.129 134.33
1839 -70.9873 134.285
1840 -70.9678 134.083
1841 -71.0413 133.719
1842 -71.1601 133.193
1843 -71.2741 132.507
1844 -71.3434 131.672
1845 -71.348 130.715
1846 -71.2932 129.676
1847 -71.2058 128.609
1848 -71.1253 127.573
1849 -71.0893 126.623
1850 -71.119 125.804
1851 -71.2099 125.139
1852 -71.3298 124.63
1853 -71.4299 124.262
1854 -71.4588 124.011
1855 -71.3784 123.856
1856 -71.1763 123.792
1857 -70.8698 123.824
1858 -70.5025 123.973
1859 -70.1335 124.257
1860 -69.821 124.692
1861 -69.6077 125.273
1862 -69.5092 125.978
1863 -69.5115 126.768
1864 -69.5768 127.593
1865 -69.6558 128.403
1866 -69.7033 129.151
1867 -69.691 129.804
1868 -69.6159 130.342
1869 -69.502 130.758
1870 -69.395 131.062
1871 -69.3508 131.271
1872 -69.4207 131.405
1873 -69.6368 131.483
1874 -70.0028 131.512
1875 -70.4935 131.489
1876 -71.063 131.401
1877 -71.6621 131.237
1878 -72.2502 130.994
1879 -72.807 130.687
1880 -73.34 130.353
1881 -73.8781 130.045
1882 -74.4611 129.821
1883 -75.1224 129.731
1884 -75.8753 129.805
1885 -76.7034 130.042
1886 -77.561 130.414
1887 -78.385 130.871
1888 -79.1075 131.355
1889 -79.6715 131.81
1890 -80.0456 132.194
1891 -80.2274 132.484
1892 -80.2411 132.678
1893 -80.1296 132.788
1894 -79.9421 132.841
1895 -79.7206 132.86
1896 -79.4883 132.865
1897 -79.2461 132.858
1898 -78.9746 132.825
1899 -78.644 132.743
1900 -78.2278 132.587
1901 -77.7146 132.344
1902 -77.1161 132.017
1903 -76.4677 131.634
1904 -75.8243 131.239
1905 -75.247 130.889
1906 -74.7898 130.632
1907 -74.4833 130.501
1908 -74.3265 130.502
1909 -74.2872 130.618
1910 -74.3088 130.81
1911 -74.3271 131.035
1912 -74.2854 131.253
1913 -74.1479 131.432
1914 -73.9077 131.56
1915 -73.5861 131.635
1916 -73.2258 131.669
1917 -72.8771 131.679
1918 -72.5822 131.677
1919 -72.3621 131.667
1920 -72.2096 131.636
1921 -72.0936 131.564
1922 -71.9696 131.42
1923 -71.7971 131.177
1924 -71.5541 130.82
1925 -71.2477 130.348
1926 -70.9157 129.783
1927 -70.6199 129.162
1928 -70.4307 128.534
1929 -70.4099 127.943
1930 -70.5932 127.421
1931 -70.9799 126.98
1932 -71.5328 126.615
1933 -72.1891 126.307
1934 -72.8762 126.034
1935 -73.5305 125.785
1936 -74.1114 125.561
1937 -74.6056 125.379
1938 -75.0246 125.271
1939 -75.3942 125.272
1940 -75.7375 125.407
1941 -76.0617 125.686
1942 -76.3488 126.092
1943 -76.5579 126.59
1944 -76.6341 127.131
1945 -76.5233 127.662
1946 -76.1868 128.135
1947 -75.6121 128.515
1948 -74.8177 128.785
1949 -73.8518 128.944
1950 -72.7844 129.007
1951 -71.6948 128.993
1952 -70.6562 128.924
1953 -69.7216 128.813
1954 -68.9141 128.661
1955 -68.2288 128.455
1956 -67.6401 128.176
1957 -67.1164 127.808
1958 -66.637 127.344
1959 -66.2038 126.802
1960 -65.8453 126.219
1961 -65.6118 125.657
1962 -65.563 125.185
1963 -65.7484 124.87
1964 -66.1877 124.756
1965 -66.8612 124.856
1966 -67.7081 125.148
1967 -68.639 125.584
1968 -69.5598 126.102
1969 -70.3936 126.642
1970 -71.0938 127.156
1971 -71.6524 127.613
1972 -72.0977 128.004
1973 -72.4804 128.342
1974 -72.8567 128.648
1975 -73.2689 128.949
1976 -73.73 129.259
1977 -74.219 129.573
1978 -74.6861 129.864
1979 -75.0689 130.093
1980 -75.3109 130.219
1981 -75.3782 130.213
1982 -75.268 130.07
1983 -75.0101 129.812
1984 -74.6597 129.489
1985 -74.2832 129.162
1986 -73.9406 128.895
1987 -73.6683 128.73
1988 -73.4687 128.689
1989 -73.3099 128.761
1990 -73.1342 128.916
1991 -72.8758 129.114
1992 -72.4794 129.316
1993 -71.916 129.494
1994 -71.1913 129.641
1995 -70.3488 129.765
1996 -69.4601 129.894
1997 -68.6096 130.059
1998 -67.872 130.282
1999 -67.291 130.567
2000 -66.8688 130.886
2001 -66.5688 131.187
