1 -102.566 -62.6779
2 -103.346 -63.0178
3 -104.332 -63.1447
4 -105.425 -63.0832
5 -106.523 -62.8675
6 -107.55 -62.5246
7 -108.466 -62.0619
8 -109.262 -61.4662
9 -109.956 -60.7092
10 -110.576 -59.7595
11 -111.152 -58.5976
12 -111.698 -57.229
13 -112.21 -55.6923
14 -112.66 -54.0579
15 -113.005 -52.419
16 -113.194 -50.8778
17 -113.18 -49.5338
18 -112.934 -48.4646
19 -112.453 -47.7156
20 -111.772 -47.2979
21 -110.952 -47.1867
22 -110.084 -47.3304
23 -109.255 -47.6675
24 -108.53 -48.1446
25 -107.938 -48.7298
26 -107.468 -49.4158
27 -107.08 -50.209
28 -106.723 -51.1155
29 -106.361 -52.1255
30 -105.985 -53.199
31 -105.617 -54.2668
32 -105.303 -55.2373
33 -105.092 -56.0178
34 -105.019 -56.5349
35 -105.088 -56.7477
36 -105.265 -56.6582
37 -105.488 -56.3082
38 -105.679 -55.7665
39 -105.764 -55.1114
40 -105.69 -54.4133
41 -105.441 -53.7201
42 -105.042 -53.0474
43 -104.555 -52.3768
44 -104.073 -51.6624
45 -103.698 -50.8493
46 -103.512 -49.8957
47 -103.557 -48.7933
48 -103.815 -47.5811
49 -104.216 -46.3422
50 -104.658 -45.1857
51 -105.037 -44.2196
52 -105.276 -43.5237
53 -105.344 -43.1297
54 -105.257 -43.0142
55 -105.07 -43.1061
56 -104.854 -43.3087
57 -104.664 -43.5307
58 -104.523 -43.7137
59 -104.409 -43.8466
60 -104.268 -43.9614
61 -104.036 -44.1135
62 -103.657 -44.3544
63 -103.106 -44.7077
64 -102.394 -45.1559
65 -101.572 -45.6399
66 -100.721 -46.0693
67 -99.9436 -46.3407
68 -99.335 -46.3624
69 -98.9637 -46.0764
70 -98.8535 -45.4718
71 -98.9748 -44.5886
72 -99.2543 -43.505
73 -99.5974 -42.3183
74 -99.9148 -41.1216
75 -100.144 -39.9862
76 -100.266 -38.9518
77 -100.302 -38.0226
78 -100.312 -37.177
79 -100.368 -36.3823
80 -100.523 -35.6125
81 -100.789 -34.8705
82 -101.119 -34.198
83 -101.423 -33.6687
84 -101.59 -33.3665
85 -101.531 -33.3594
86 -101.192 -33.6746
87 -100.577 -34.2837
88 -99.7386 -35.1064
89 -98.7667 -36.026
90 -97.77 -36.9149
91 -96.8483 -37.6646
92 -96.0702 -38.2101
93 -95.4595 -38.5394
94 -94.9959 -38.6898
95 -94.6287 -38.7296
96 -94.2996 -38.7345
97 -93.9656 -38.7641
98 -93.6164 -38.8458
99 -93.2807 -38.9725
100 -93.0194 -39.1094
101 -92.9081 -39.2094
102 -93.0116 -39.2326
103 -93.36 -39.1628
104 -93.9336 -39.0191
105 -94.6644 -38.855
106 -95.455 -38.7448
107 -96.2067 -38.7625
108 -96.8457 -38.958
109 -97.3413 -39.3372
110 -97.7112 -39.8529
111 -98.0119 -40.413
112 -98.3191 -40.9038
113 -98.7034 -41.2204
114 -99.2086 -41.2969
115 -99.8416 -41.126
116 -100.572 -40.7579
117 -101.341 -40.2851
118 -102.082 -39.8141
119 -102.744 -39.4363
120 -103.294 -39.2088
121 -103.735 -39.1451
122 -104.097 -39.2198
123 -104.429 -39.3845
124 -104.78 -39.5868
125 -105.178 -39.7892
126 -105.623 -39.9803
127 -106.083 -40.1771
128 -106.502 -40.4178
129 -106.82 -40.7468
130 -106.99 -41.1978
131 -106.989 -41.7797
132 -106.822 -42.4672
133 -106.527 -43.2
134 -106.159 -43.8938
135 -105.779 -44.4605
136 -105.437 -44.83
137 -105.162 -44.9686
138 -104.956 -44.8892
139 -104.796 -44.6499
140 -104.644 -44.3397
141 -104.462 -44.0558
142 -104.225 -43.8788
143 -103.932 -43.8516
144 -103.613 -43.9701
145 -103.326 -44.1875
146 -103.14 -44.4317
147 -103.117 -44.6293
148 -103.292 -44.7295
149 -103.66 -44.7176
150 -104.176 -44.6141
151 -104.776 -44.4621
152 -105.392 -44.3096
153 -105.969 -44.193
154 -106.48 -44.1257
155 -106.924 -44.0949
156 -107.324 -44.0673
157 -107.712 -44.0001
158 -108.121 -43.8555
159 -108.571 -43.6144
160 -109.061 -43.2844
161 -109.57 -42.9023
162 -110.059 -42.5278
163 -110.482 -42.2319
164 -110.794 -42.0828
165 -110.962 -42.1304
166 -110.97 -42.3966
167 -110.824 -42.8706
168 -110.555 -43.5123
169 -110.209 -44.2591
170 -109.848 -45.0365
171 -109.526 -45.7726
172 -109.285 -46.41
173 -109.139 -46.9159
174 -109.075 -47.2834
175 -109.06 -47.525
176 -109.05 -47.6643
177 -109.004 -47.7248
178 -108.898 -47.7219
179 -108.729 -47.6575
180 -108.513 -47.5208
181 -108.28 -47.2932
182 -108.06 -46.9564
183 -107.87 -46.5022
184 -107.705 -45.9395
185 -107.537 -45.298
186 -107.324 -44.6261
187 -107.017 -43.9841
188 -106.574 -43.4325
189 -105.971 -43.0205
190 -105.205 -42.7776
191 -104.3 -42.7057
192 -103.304 -42.7778
193 -102.291 -42.9424
194 -101.354 -43.1343
195 -100.589 -43.2926
196 -100.071 -43.3762
197 -99.8506 -43.375
198 -99.9334 -43.3104
199 -100.29 -43.2271
200 -100.868 -43.1758
201 -101.61 -43.1958
202 -102.467 -43.3029
203 -103.41 -43.4856
204 -104.424 -43.7102
205 -105.499 -43.9348
206 -106.614 -44.123
207 -107.734 -44.2566
208 -108.804 -44.3383
209 -109.757 -44.3888
210 -110.528 -44.4363
211 -111.06 -44.5052
212 -111.314 -44.6073
213 -111.271 -44.7369
214 -110.936 -44.8716
215 -110.334 -44.9776
216 -109.509 -45.016
217 -108.517 -44.9517
218 -107.422 -44.7605
219 -106.287 -44.4349
220 -105.158 -43.9868
221 -104.068 -43.4475
222 -103.025 -42.8624
223 -102.028 -42.288
224 -101.069 -41.7851
225 -100.135 -41.4088
226 -99.2155 -41.2032
227 -98.305 -41.1979
228 -97.4024 -41.4063
229 -96.5125 -41.8271
230 -95.6414 -42.4451
231 -94.7969 -43.2339
232 -93.9869 -44.1574
233 -93.2209 -45.17
234 -92.5076 -46.2192
235 -91.8529 -47.2531
236 -91.2577 -48.2252
237 -90.7183 -49.0965
238 -90.2272 -49.8372
239 -89.7773 -50.4231
240 -89.3677 -50.8297
241 -89.0063 -51.0307
242 -88.711 -50.9981
243 -88.5037 -50.7097
244 -88.4044 -50.1567
245 -88.4231 -49.3528
246 -88.5518 -48.3414
247 -88.7619 -47.1937
248 -89.0073 -46.002
249 -89.2333 -44.8653
250 -89.3894 -43.8705
251 -89.4408 -43.0792
252 -89.3746 -42.5198
253 -89.2 -42.1857
254 -88.9422 -42.0414
255 -88.6313 -42.0375
256 -88.291 -42.1233
257 -87.9297 -42.2603
258 -87.5386 -42.4291
259 -87.0965 -42.6275
260 -86.5795 -42.8634
261 -85.9704 -43.1432
262 -85.267 -43.4627
263 -84.4838 -43.8019
264 -83.6509 -44.1277
265 -82.8137 -44.3986
266 -82.0243 -44.575
267 -81.3359 -44.6282
268 -80.7915 -44.5497
269 -80.419 -44.3534
270 -80.2295 -44.0737
271 -80.2197 -43.7591
272 -80.3763 -43.4624
273 -80.684 -43.231
274 -81.1301 -43.0971
275 -81.7068 -43.0731
276 -82.4077 -43.1501
277 -83.222 -43.3003
278 -84.1308 -43.4831
279 -85.1021 -43.6523
280 -86.0892 -43.7634
281 -87.0354 -43.7788
282 -87.8823 -43.6737
283 -88.5765 -43.4366
284 -89.0752 -43.0704
285 -89.3531 -42.5901
286 -89.3999 -42.0187
287 -89.2189 -41.3841
288 -88.8245 -40.7134
289 -88.2421 -40.0285
290 -87.5089 -39.3484
291 -86.6741 -38.6875
292 -85.7933 -38.0585
293 -84.9245 -37.4781
294 -84.1176 -36.9693
295 -83.4039 -36.5608
296 -82.7935 -36.2849
297 -82.2787 -36.1719
298 -81.8443 -36.2439
299 -81.4779 -36.5084
300 -81.1739 -36.9534
301 -80.9368 -37.5471
302 -80.7771 -38.2424
303 -80.7045 -38.9825
304 -80.7201 -39.7104
305 -80.8117 -40.3811
306 -80.9547 -40.9664
307 -81.1167 -41.4563
308 -81.2635 -41.8545
309 -81.3642 -42.1721
310 -81.3945 -42.4218
311 -81.3383 -42.6131
312 -81.1886 -42.7497
313 -80.9502 -42.8306
314 -80.6404 -42.853
315 -80.2911 -42.8143
316 -79.9461 -42.7143
317 -79.6555 -42.5552
318 -79.4667 -42.3424
319 -79.4153 -42.0841
320 -79.5159 -41.7922
321 -79.7584 -41.4826
322 -80.1105 -41.1751
323 -80.5248 -40.8904
324 -80.9496 -40.6469
325 -81.3399 -40.458
326 -81.666 -40.3298
327 -81.9143 -40.2608
328 -82.0865 -40.2436
329 -82.1923 -40.2668
330 -82.2404 -40.3196
331 -82.2338 -40.3957
332 -82.1665 -40.4973
333 -82.0254 -40.6359
334 -81.7939 -40.8329
335 -81.4584 -41.114
336 -81.0141 -41.5022
337 -80.4702 -42.0104
338 -79.8552 -42.6315
339 -79.2182 -43.3353
340 -78.6245 -44.0693
341 -78.1476 -44.7663
342 -77.8543 -45.357
343 -77.791 -45.7827
344 -77.9716 -46.0084
345 -78.3752 -46.0284
346 -78.9535 -45.8643
347 -79.6456 -45.5536
348 -80.3954 -45.1362
349 -81.1655 -44.6394
350 -81.942 -44.0722
351 -82.7328 -43.4236
352 -83.5595 -42.6701
353 -84.4399 -41.7915
354 -85.3725 -40.7868
355 -86.3298 -39.6822
356 -87.2558 -38.5348
357 -88.076 -37.4242
358 -88.7131 -36.4359
359 -89.1039 -35.6424
360 -89.2108 -35.0898
361 -89.0276 -34.7884
362 -88.5787 -34.7132
363 -87.9127 -34.8102
364 -87.0914 -35.0108
365 -86.1785 -35.2479
366 -85.2265 -35.4719
367 -84.2644 -35.661
368 -83.2987 -35.8209
369 -82.3176 -35.9777
370 -81.2979 -36.1647
371 -80.2205 -36.4072
372 -79.0825 -36.7117
373 -77.9095 -37.0609
374 -76.7569 -37.4166
375 -75.6978 -37.7306
376 -74.8068 -37.9577
377 -74.1403 -38.0684
378 -73.7171 -38.0584
379 -73.5129 -37.9494
380 -73.4665 -37.783
381 -73.498 -37.6085
382 -73.5309 -37.4691
383 -73.511 -37.3898
384 -73.4166 -37.3703
385 -73.2587 -37.3856
386 -73.0713 -37.3942
387 -72.8975 -37.3499
388 -72.7734 -37.2166
389 -72.7169 -36.9791
390 -72.7196 -36.6477
391 -72.7484 -36.2573
392 -72.7535 -35.8595
393 -72.681 -35.5099
394 -72.487 -35.2554
395 -72.1486 -35.126
396 -71.6697 -35.1284
397 -71.0802 -35.2472
398 -70.4251 -35.4515
399 -69.7501 -35.7066
400 -69.0873 -35.9855
401 -68.4434 -36.2775
402 -67.7965 -36.5911
403 -67.1039 -36.9486
404 -66.3182 -37.3754
405 -65.4049 -37.8865
406 -64.3575 -38.4755
407 -63.2059 -39.1072
408 -62.0127 -39.72
409 -60.8635 -40.2354
410 -59.8498 -40.5733
411 -59.0495 -40.6709
412 -58.509 -40.4981
413 -58.2377 -40.0659
414 -58.2089 -39.4261
415 -58.3691 -38.66
416 -58.6555 -37.8627
417 -59.014 -37.122
418 -59.4126 -36.5029
419 -59.8477 -36.0382
420 -60.341 -35.7284
421 -60.9274 -35.5545
422 -61.634 -35.4953
423 -62.4638 -35.5445
424 -63.3842 -35.7202
425 -64.3274 -36.0619
426 -65.2079 -36.6161
427 -65.9453 -37.4155
428 -66.4858 -38.4598
429 -66.8148 -39.7037
430 -66.9587 -41.0572
431 -66.9763 -42.3959
432 -66.9404 -43.5818
433 -66.9197 -44.4887
434 -66.9605 -45.0257
435 -67.077 -45.1533
436 -67.2508 -44.8876
437 -67.4387 -44.2929
438 -67.5883 -43.464
439 -67.6552 -42.5035
440 -67.6176 -41.4995
441 -67.4841 -40.5147
442 -67.2921 -39.5856
443 -67.0952 -38.7253
444 -66.9443 -37.9367
445 -66.8715 -37.2306
446 -66.8769 -36.6309
447 -66.9273 -36.1759
448 -66.9662 -35.9118
449 -66.9302 -35.8817
450 -66.7674 -36.115
451 -66.4513 -36.6176
452 -65.9908 -37.3633
453 -65.4281 -38.2962
454 -64.8304 -39.336
455 -64.2749 -40.3902
456 -63.8288 -41.3723
457 -63.5325 -42.2193
458 -63.3907 -42.9034
459 -63.3732 -43.4341
460 -63.4277 -43.8483
461 -63.496 -44.1952
462 -63.5335 -44.5191
463 -63.5244 -44.8442
464 -63.4885 -45.1671
465 -63.4795 -45.459
466 -63.569 -45.6767
467 -63.8254 -45.7784
468 -64.2889 -45.7414
469 -64.954 -45.5732
470 -65.7632 -45.3104
471 -66.6193 -45.0088
472 -67.409 -44.7279
473 -68.0319 -44.5149
474 -68.4245 -44.3936
475 -68.57 -44.3605
476 -68.4995 -44.3846
477 -68.2788 -44.4135
478 -67.9885 -44.3854
479 -67.6992 -44.2452
480 -67.4544 -43.9599
481 -67.2615 -43.5292
482 -67.0966 -42.9856
483 -66.9193 -42.3867
484 -66.6909 -41.7984
485 -66.3903 -41.2777
486 -66.0241 -40.8563
487 -65.6283 -40.5342
488 -65.2597 -40.2816
489 -64.9835 -40.0494
490 -64.8564 -39.7889
491 -64.9088 -39.4685
492 -65.1335 -39.0851
493 -65.4839 -38.6663
494 -65.8848 -38.2616
495 -66.2508 -37.928
496 -66.5067 -37.713
497 -66.6038 -37.6434
498 -66.5268 -37.7205
499 -66.2923 -37.9218
500 -65.9401 -38.2067
501 -65.5196 -38.5271
502 -65.0731 -38.8388
503 -64.6218 -39.1139
504 -64.1583 -39.3488
505 -63.6512 -39.5632
506 -63.0584 -39.7908
507 -62.3483 -40.0621
508 -61.517 -40.3864
509 -60.5998 -40.7386
510 -59.6698 -41.0585
511 -58.8218 -41.2641
512 -58.1444 -41.2756
513 -57.6956 -41.0407
514 -57.4844 -40.5525
515 -57.4661 -39.8529
516 -57.5557 -39.0231
517 -57.6512 -38.1629
518 -57.6594 -37.3666
519 -57.5168 -36.7046
520 -57.2009 -36.213
521 -56.7308 -35.8965
522 -56.1538 -35.7394
523 -55.529 -35.7208
524 -54.9073 -35.8277
525 -54.3145 -36.0633
526 -53.7486 -36.4465
527 -53.1855 -37.0047
528 -52.5965 -37.7597
529 -51.9691 -38.7137
530 -51.322 -39.8405
531 -50.7162 -41.0786
532 -50.2504 -42.3345
533 -50.045 -43.4906
534 -50.2143 -44.4242
535 -50.8374 -45.0292
536 -51.9369 -45.234
537 -53.4714 -45.0111
538 -55.346 -44.3763
539 -57.4332 -43.3777
540 -59.6016 -42.0792
541 -61.7423 -40.5436
542 -63.7865 -38.82
543 -65.7178 -36.9345
544 -67.5607 -34.8952
545 -69.3534 -32.7101
546 -71.1242 -30.4018
547 -72.869 -28.0215
548 -74.5428 -25.6551
549 -76.0622 -23.4217
550 -77.3215 -21.4637
551 -78.2229 -19.9199
552 -78.7003 -18.9012
553 -78.7362 -18.4703
554 -78.3669 -18.6275
555 -77.6802 -19.3015
556 -76.7991 -20.3625
557 -75.8579 -21.648
558 -74.9682 -23.0069
559 -74.1949 -24.333
560 -73.5511 -25.5765
561 -73.0051 -26.7398
562 -72.5015 -27.8563
563 -71.9899 -28.9584
564 -71.4477 -30.0526
565 -70.8925 -31.1113
566 -70.3839 -32.0711
567 -70.0128 -32.8466
568 -69.8771 -33.3531
569 -70.0505 -33.5328
570 -70.5543 -33.3763
571 -71.3441 -32.93
572 -72.3168 -32.2867
573 -73.3437 -31.5595
574 -74.3069 -30.8533
575 -75.1275 -30.2426
576 -75.785 -29.7549
577 -76.3202 -29.3652
578 -76.8178 -29.0055
579 -77.3767 -28.5871
580 -78.0729 -28.0315
581 -78.927 -27.3023
582 -79.892 -26.4223
583 -80.8661 -25.4714
584 -81.7244 -24.5649
585 -82.3567 -23.8193
586 -82.6938 -23.3193
587 -82.7217 -23.0936
588 -82.4805 -23.1078
589 -82.0537 -23.2763
590 -81.5474 -23.4893
591 -81.0629 -23.6493
592 -80.6688 -23.7053
593 -80.3819 -23.6706
594 -80.1663 -23.6192
595 -79.9502 -23.6594
596 -79.6561 -23.8961
597 -79.2311 -24.3946
598 -78.6702 -25.1593
599 -78.0234 -26.1329
600 -77.3866 -27.214
601 -76.8794 -28.2825
602 -76.6139 -29.2294
603 -76.6601 -29.9864
604 -77.0258 -30.5408
605 -77.658 -30.9316
606 -78.4621 -31.2331
607 -79.3311 -31.5285
608 -80.1773 -31.8824
609 -80.9515 -32.3202
610 -81.6488 -32.8186
611 -82.3036 -33.3101
612 -82.9725 -33.7007
613 -83.7132 -33.8965
614 -84.5599 -33.8319
615 -85.5085 -33.4897
616 -86.5133 -32.9075
617 -87.4933 -32.1696
618 -88.3574 -31.3802
619 -89.0277 -30.6353
620 -89.4565 -30.0023
621 -89.6437 -29.5051
622 -89.64 -29.1225
623 -89.5378 -28.7998
624 -89.4496 -28.4663
625 -89.4781 -28.0584
626 -89.6892 -27.5387
627 -90.0943 -26.9093
628 -90.6533 -26.2099
629 -91.2918 -25.5063
630 -91.9268 -24.873
631 -92.4943 -24.3723
632 -92.9669 -24.0359
633 -93.3611 -23.855
634 -93.7322 -23.7791
635 -94.1582 -23.7275
636 -94.7157 -23.6143
637 -95.4554 -23.376
638 -96.3804 -22.9966
639 -97.443 -22.515
640 -98.5588 -22.0144
641 -99.6291 -21.5975
642 -100.566 -21.3572
643 -101.317 -21.3507
644 -101.873 -21.5868
645 -102.266 -22.0285
646 -102.561 -22.6061
647 -102.834 -23.2367
648 -103.152 -23.8502
649 -103.551 -24.4077
650 -104.024 -24.909
651 -104.527 -25.3885
652 -104.991 -25.9024
653 -105.344 -26.5066
654 -105.526 -27.2369
655 -105.51 -28.0956
656 -105.303 -29.0449
657 -104.946 -30.0091
658 -104.498 -30.8896
659 -104.024 -31.5866
660 -103.57 -32.0243
661 -103.151 -32.171
662 -102.741 -32.0481
663 -102.284 -31.7248
664 -101.708 -31.2997
665 -100.948 -30.8732
666 -99.9617 -30.5204
667 -98.7509 -30.2696
668 -97.367 -30.0949
669 -95.9106 -29.9247
670 -94.5178 -29.666
671 -93.3287 -29.2368
672 -92.4515 -28.6018
673 -91.9243 -27.786
674 -91.7071 -26.8723
675 -91.7101 -25.9822
676 -91.8266 -25.2369
677 -91.9712 -24.7214
678 -92.1062 -24.4566
679 -92.2489 -24.3941
680 -92.461 -24.4337
681 -92.8242 -24.4513
682 -93.4074 -24.3336
683 -94.2364 -24.0103
684 -95.2765 -23.4725
685 -96.4364 -22.7745
686 -97.5877 -22.0171
687 -98.5968 -21.3173
688 -99.3506 -20.7789
689 -99.7776 -20.4669
690 -99.8549 -20.3978
691 -99.6077 -20.5405
692 -99.0987 -20.83
693 -98.4123 -21.1859
694 -97.6319 -21.5357
695 -96.8177 -21.8335
696 -95.9922 -22.0715
697 -95.1396 -22.2781
698 -94.219 -22.504
699 -93.1862 -22.802
700 -92.0192 -23.2067
701 -90.7349 -23.7201
702 -89.3957 -24.306
703 -88.1065 -24.8929
704 -86.9977 -25.3877
705 -86.1921 -25.6995
706 -85.7718 -25.7641
707 -85.7544 -25.5628
708 -86.088 -25.1267
709 -86.6689 -24.524
710 -87.374 -23.8383
711 -88.0939 -23.1434
712 -88.7576 -22.4841
713 -89.3414 -21.8671
714 -89.8666 -21.2618
715 -90.3875 -20.6118
716 -90.9704 -19.8562
717 -91.6714 -18.955
718 -92.5174 -17.9048
719 -93.4955 -16.7476
720 -94.5535 -15.5653
721 -95.6154 -14.4593
722 -96.6045 -13.5239
723 -97.4663 -12.8228
724 -98.1838 -12.3742
725 -98.781 -12.1497
726 -99.3147 -12.0854
727 -99.8564 -12.1007
728 -100.466 -12.1243
729 -101.165 -12.1172
730 -101.928 -12.0847
731 -102.685 -12.0749
732 -103.343 -12.1619
733 -103.81 -12.421
734 -104.02 -12.9051
735 -103.946 -13.6258
736 -103.602 -14.5469
737 -103.037 -15.5929
738 -102.327 -16.6602
739 -101.558 -17.6408
740 -100.809 -18.4507
741 -100.137 -19.0456
742 -99.5674 -19.4278
743 -99.0921 -19.6412
744 -98.683 -19.7551
745 -98.3054 -19.8453
746 -97.938 -19.9707
747 -97.5876 -20.1582
748 -97.2936 -20.3958
749 -97.1209 -20.6399
750 -97.145 -20.8302
751 -97.4253 -20.9132
752 -97.9821 -20.8642
753 -98.7863 -20.6999
754 -99.7668 -20.4743
755 -100.829 -20.2635
756 -101.882 -20.1385
757 -102.86 -20.1432
758 -103.729 -20.2778
759 -104.489 -20.4968
760 -105.165 -20.7194
761 -105.79 -20.8499
762 -106.396 -20.8016
763 -107.002 -20.5181
764 -107.611 -19.9866
765 -108.206 -19.2399
766 -108.753 -18.3479
767 -109.212 -17.3978
768 -109.545 -16.476
769 -109.729 -15.6506
770 -109.769 -14.9604
771 -109.694 -14.417
772 -109.556 -14.0151
773 -109.41 -13.7459
774 -109.297 -13.6098
775 -109.23 -13.6247
776 -109.19 -13.8236
777 -109.137 -14.2468
778 -109.024 -14.9254
779 -108.815 -15.8677
780 -108.504 -17.0482
781 -108.113 -18.4032
782 -107.696 -19.8364
783 -107.321 -21.2297
784 -107.055 -22.4649
785 -106.939 -23.4512
786 -106.983 -24.1388
787 -107.157 -24.525
788 -107.402 -24.6465
789 -107.643 -24.5656
790 -107.809 -24.3544
791 -107.844 -24.079
792 -107.724 -23.7887
793 -107.46 -23.5106
794 -107.093 -23.25
795 -106.682 -22.9979
796 -106.286 -22.7435
797 -105.946 -22.4857
798 -105.671 -22.2442
799 -105.44 -22.0597
800 -105.21 -21.985
801 -104.933 -22.0715
802 -104.58 -22.3537
803 -104.15 -22.8361
804 -103.677 -23.4835
805 -103.229 -24.2202
806 -102.896 -24.9383
807 -102.763 -25.5194
808 -102.897 -25.8592
809 -103.315 -25.8924
810 -103.988 -25.6086
811 -104.84 -25.0502
812 -105.772 -24.2989
813 -106.686 -23.4546
814 -107.502 -22.613
815 -108.169 -21.8456
816 -108.677 -21.1877
817 -109.047 -20.6373
818 -109.323 -20.1635
819 -109.557 -19.7257
820 -109.791 -19.295
821 -110.036 -18.8746
822 -110.264 -18.509
823 -110.415 -18.2776
824 -110.413 -18.2752
825 -110.186 -18.5873
826 -109.699 -19.2634
827 -108.954 -20.3008
828 -108 -21.6422
829 -106.918 -23.1848
830 -105.798 -24.8015
831 -104.715 -26.3692
832 -103.709 -27.7936
833 -102.778 -29.0227
834 -101.887 -30.0453
835 -100.985 -30.8779
836 -100.029 -31.5468
837 -98.9964 -32.0716
838 -97.8997 -32.4536
839 -96.7868 -32.6725
840 -95.7375 -32.6904
841 -94.8507 -32.4638
842 -94.2233 -31.9591
843 -93.9297 -31.1682
844 -94.0028 -30.1193
845 -94.4251 -28.8744
846 -95.1376 -27.5194
847 -96.0581 -26.1464
848 -97.107 -24.8308
849 -98.2261 -23.6184
850 -99.3847 -22.5274
851 -100.58 -21.5537
852 -101.826 -20.6826
853 -103.144 -19.9009
854 -104.546 -19.2067
855 -106.028 -18.6146
856 -107.562 -18.1534
857 -109.106 -17.8578
858 -110.608 -17.7567
859 -112.021 -17.8628
860 -113.306 -18.1652
861 -114.443 -18.6278
862 -115.426 -19.1915
863 -116.265 -19.7844
864 -116.979 -20.3364
865 -117.588 -20.7941
866 -118.105 -21.1341
867 -118.531 -21.3691
868 -118.848 -21.5439
869 -119.032 -21.7237
870 -119.053 -21.9763
871 -118.889 -22.3555
872 -118.535 -22.887
873 -118.008 -23.566
874 -117.344 -24.3597
875 -116.603 -25.2176
876 -115.852 -26.0815
877 -115.164 -26.8959
878 -114.598 -27.6218
879 -114.193 -28.2423
880 -113.964 -28.7611
881 -113.903 -29.1995
882 -113.989 -29.5895
883 -114.197 -29.9589
884 -114.515 -30.3203
885 -114.94 -30.6651
886 -115.481 -30.9644
887 -116.147 -31.1773
888 -116.936 -31.2662
889 -117.833 -31.2109
890 -118.803 -31.0162
891 -119.8 -30.7131
892 -120.779 -30.3512
893 -121.704 -29.9852
894 -122.558 -29.6604
895 -123.347 -29.3989
896 -124.099 -29.1962
897 -124.856 -29.0249
898 -125.661 -28.8446
899 -126.545 -28.6183
900 -127.522 -28.3242
901 -128.577 -27.9655
902 -129.678 -27.5689
903 -130.785 -27.1747
904 -131.866 -26.8224
905 -132.904 -26.5381
906 -133.898 -26.3253
907 -134.863 -26.1636
908 -135.816 -26.018
909 -136.764 -25.8535
910 -137.695 -25.6531
911 -138.58 -25.4296
912 -139.373 -25.2293
913 -140.026 -25.1227
914 -140.499 -25.186
915 -140.764 -25.4775
916 -140.814 -26.0183
917 -140.661 -26.7854
918 -140.333 -27.7156
919 -139.87 -28.7228
920 -139.318 -29.723
921 -138.726 -30.6551
922 -138.142 -31.4951
923 -137.6 -32.2562
924 -137.121 -32.9764
925 -136.714 -33.6968
926 -136.379 -34.4433
927 -136.119 -35.2145
928 -135.939 -35.9797
929 -135.85 -36.6858
930 -135.869 -37.2684
931 -136.002 -37.6678
932 -136.248 -37.8426
933 -136.589 -37.7785
934 -136.993 -37.4877
935 -137.418 -37.0023
936 -137.818 -36.3606
937 -138.15 -35.5918
938 -138.381 -34.7074
939 -138.489 -33.6972
940 -138.472 -32.5357
941 -138.349 -31.1957
942 -138.157 -29.6671
943 -137.943 -27.9712
944 -137.747 -26.1653
945 -137.588 -24.3373
946 -137.461 -22.5926
947 -137.339 -21.0361
948 -137.188 -19.7554
949 -136.979 -18.8096
950 -136.704 -18.2242
951 -136.376 -17.9927
952 -136.026 -18.0838
953 -135.698 -18.4528
954 -135.435 -19.0538
955 -135.266 -19.8496
956 -135.207 -20.8171
957 -135.259 -21.9423
958 -135.408 -23.2134
959 -135.635 -24.6101
960 -135.914 -26.0963
961 -136.219 -27.6169
962 -136.52 -29.0992
963 -136.791 -30.4631
964 -137.015 -31.6307
965 -137.181 -32.5366
966 -137.287 -33.1356
967 -137.336 -33.406
968 -137.333 -33.3485
969 -137.282 -32.983
970 -137.196 -32.3426
971 -137.091 -31.4669
972 -136.997 -30.3973
973 -136.953 -29.1718
974 -137.002 -27.8215
975 -137.182 -26.3715
976 -137.521 -24.8448
977 -138.022 -23.2677
978 -138.664 -21.6777
979 -139.404 -20.1229
980 -140.185 -18.6572
981 -140.945 -17.3323
982 -141.631 -16.1911
983 -142.207 -15.2598
984 -142.652 -14.5445
985 -142.96 -14.0318
986 -143.14 -13.6926
987 -143.205 -13.4904
988 -143.168 -13.3911
989 -143.034 -13.3734
990 -142.802 -13.4349
991 -142.461 -13.5933
992 -141.996 -13.8789
993 -141.395 -14.323
994 -140.654 -14.9455
995 -139.783 -15.7463
996 -138.813 -16.7004
997 -137.787 -17.7636
998 -136.765 -18.8767
999 -135.811 -19.98
1000 -134.969 -21.0342
1001 -134.259 -22.0267
1002 -133.673 -22.9684
1003 -133.183 -23.879
1004 -132.759 -24.7676
1005 -132.374 -25.6205
1006 -132.021 -26.3946
1007 -131.708 -27.0229
1008 -131.453 -27.4283
1009 -131.28 -27.5421
1010 -131.205 -27.3232
1011 -131.231 -26.7704
1012 -131.344 -25.9248
1013 -131.513 -24.8643
1014 -131.702 -23.6872
1015 -131.873 -22.4901
1016 -132 -21.3506
1017 -132.078 -20.3171
1018 -132.125 -19.4049
1019 -132.176 -18.6044
1020 -132.27 -17.9003
1021 -132.437 -17.2885
1022 -132.68 -16.7924
1023 -132.971 -16.4664
1024 -133.258 -16.3878
1025 -133.48 -16.6373
1026 -133.585 -17.2742
1027 -133.542 -18.317
1028 -133.348 -19.7332
1029 -133.029 -21.4418
1030 -132.63 -23.3273
1031 -132.212 -25.2625
1032 -131.831 -27.1359
1033 -131.539 -28.8607
1034 -131.369 -30.3829
1035 -131.333 -31.6845
1036 -131.425 -32.7704
1037 -131.624 -33.6542
1038 -131.9 -34.3466
1039 -132.222 -34.8496
1040 -132.568 -35.1567
1041 -132.93 -35.257
1042 -133.312 -35.1424
1043 -133.726 -34.8161
1044 -134.181 -34.2977
1045 -134.675 -33.6252
1046 -135.191 -32.8519
1047 -135.699 -32.0403
1048 -136.166 -31.2535
1049 -136.562 -30.547
1050 -136.871 -29.9631
1051 -137.09 -29.5275
1052 -137.236 -29.2468
1053 -137.336 -29.1115
1054 -137.421 -29.0994
1055 -137.524 -29.1821
1056 -137.665 -29.3328
1057 -137.85 -29.5315
1058 -138.073 -29.77
1059 -138.312 -30.0514
1060 -138.538 -30.3842
1061 -138.721 -30.7748
1062 -138.837 -31.2201
1063 -138.873 -31.7029
1064 -138.832 -32.1911
1065 -138.727 -32.6429
1066 -138.582 -33.0127
1067 -138.418 -33.2591
1068 -138.253 -33.3518
1069 -138.094 -33.2767
1070 -137.938 -33.0364
1071 -137.777 -32.6487
1072 -137.599 -32.1413
1073 -137.397 -31.544
1074 -137.173 -30.8812
1075 -136.937 -30.1694
1076 -136.708 -29.415
1077 -136.505 -28.62
1078 -136.342 -27.787
1079 -136.219 -26.9294
1080 -136.12 -26.0812
1081 -136.017 -25.2964
1082 -135.873 -24.6419
1083 -135.656 -24.1855
1084 -135.348 -23.9813
1085 -134.942 -24.0554
1086 -134.449 -24.401
1087 -133.885 -24.9825
1088 -133.271 -25.745
1089 -132.62 -26.6286
1090 -131.937 -27.5818
1091 -131.22 -28.5701
1092 -130.458 -29.577
1093 -129.643 -30.5952
1094 -128.763 -31.6147
1095 -127.814 -32.6165
1096 -126.792 -33.563
1097 -125.707 -34.3995
1098 -124.58 -35.0612
1099 -123.449 -35.4862
1100 -122.358 -35.6304
1101 -121.352 -35.4767
1102 -120.464 -35.0388
1103 -119.705 -34.3573
1104 -119.075 -33.4886
1105 -118.562 -32.4905
1106 -118.163 -31.4081
1107 -117.887 -30.2646
1108 -117.756 -29.0613
1109 -117.793 -27.7873
1110 -118.009 -26.4317
1111 -118.391 -24.9996
1112 -118.895 -23.5244
1113 -119.456 -22.0621
1114 -120.002 -20.6806
1115 -120.46 -19.4491
1116 -120.773 -18.4185
1117 -120.902 -17.612
1118 -120.828 -17.0209
1119 -120.556 -16.6114
1120 -120.112 -16.3393
1121 -119.538 -16.1656
1122 -118.88 -16.069
1123 -118.174 -16.0522
1124 -117.438 -16.1392
1125 -116.671 -16.3653
1126 -115.85 -16.7627
1127 -114.952 -17.3505
1128 -113.96 -18.1262
1129 -112.876 -19.0658
1130 -111.722 -20.1294
1131 -110.539 -21.2667
1132 -109.38 -22.4206
1133 -108.291 -23.5373
1134 -107.3 -24.5684
1135 -106.415 -25.4661
1136 -105.625 -26.1859
1137 -104.906 -26.6872
1138 -104.236 -26.9336
1139 -103.605 -26.8967
1140 -103.025 -26.5578
1141 -102.526 -25.9101
1142 -102.148 -24.957
1143 -101.929 -23.7127
1144 -101.895 -22.2007
1145 -102.052 -20.4565
1146 -102.387 -18.5311
1147 -102.865 -16.4928
1148 -103.433 -14.4314
1149 -104.024 -12.453
1150 -104.566 -10.6658
1151 -104.995 -9.16671
1152 -105.262 -8.02743
1153 -105.349 -7.28141
1154 -105.265 -6.92182
1155 -105.044 -6.90823
1156 -104.729 -7.17625
1157 -104.354 -7.65284
1158 -103.925 -8.27113
1159 -103.416 -8.98077
1160 -102.782 -9.75039
1161 -101.976 -10.5639
1162 -100.972 -11.4097
1163 -99.7729 -12.2718
1164 -98.4118 -13.1215
1165 -96.9433 -13.912
1166 -95.4294 -14.5848
1167 -93.9308 -15.0802
1168 -92.4895 -15.3574
1169 -91.1244 -15.4096
1170 -89.8381 -15.2692
1171 -88.6166 -15.0073
1172 -87.4386 -14.7194
1173 -86.2835 -14.5034
1174 -85.145 -14.4371
1175 -84.0438 -14.5616
1176 -83.0321 -14.8723
1177 -82.188 -15.3256
1178 -81.5973 -15.8539
1179 -81.3279 -16.3889
1180 -81.4055 -16.8829
1181 -81.8036 -17.3197
1182 -82.4538 -17.7125
1183 -83.268 -18.0891
1184 -84.1647 -18.4737
1185 -85.0886 -18.8722
1186 -86.0145 -19.2647
1187 -86.9396 -19.6078
1188 -87.874 -19.8469
1189 -88.8282 -19.9329
1190 -89.7982 -19.836
1191 -90.7635 -19.5572
1192 -91.6868 -19.1304
1193 -92.5187 -18.6153
1194 -93.2067 -18.0825
1195 -93.7065 -17.5958
1196 -93.9911 -17.1993
1197 -94.0578 -16.9103
1198 -93.9298 -16.722
1199 -93.6508 -16.6116
1200 -93.2749 -16.5504
1201 -92.8538 -16.5144
1202 -92.4262 -16.4899
1203 -92.0124 -16.4733
1204 -91.6163 -16.4663
1205 -91.235 -16.4693
1206 -90.8672 -16.4756
1207 -90.5206 -16.4689
1208 -90.2133 -16.4262
1209 -89.9698 -16.3236
1210 -89.8133 -16.1444
1211 -89.7556 -15.8866
1212 -89.7893 -15.5682
1213 -89.8858 -15.2286
1214 -89.9982 -14.9253
1215 -90.0706 -14.7261
1216 -90.0498 -14.6994
1217 -89.8965 -14.9025
1218 -89.5949 -15.371
1219 -89.1577 -16.1109
1220 -88.6253 -17.0986
1221 -88.0584 -18.2854
1222 -87.5284 -19.6061
1223 -87.1011 -20.9966
1224 -86.8244 -22.4033
1225 -86.7206 -23.7868
1226 -86.7842 -25.1235
1227 -86.9889 -26.3972
1228 -87.2991 -27.5947
1229 -87.6838 -28.6985
1230 -88.1257 -29.679
1231 -88.6238 -30.4969
1232 -89.1875 -31.1048
1233 -89.8241 -31.4544
1234 -90.5255 -31.5022
1235 -91.258 -31.2203
1236 -91.9634 -30.6065
1237 -92.5719 -29.6892
1238 -93.0182 -28.5325
1239 -93.2582 -27.2277
1240 -93.2815 -25.8734
1241 -93.1102 -24.5573
1242 -92.7918 -23.3352
1243 -92.3928 -22.2303
1244 -91.9857 -21.238
1245 -91.633 -20.3353
1246 -91.3727 -19.5061
1247 -91.2063 -18.7602
1248 -91.0973 -18.1403
1249 -90.982 -17.715
1250 -90.79 -17.5607
1251 -90.4668 -17.7379
1252 -89.9887 -18.2741
1253 -89.373 -19.1509
1254 -88.6737 -20.3063
1255 -87.9653 -21.6488
1256 -87.3231 -23.0765
1257 -86.8001 -24.5001
1258 -86.4083 -25.8648
1259 -86.1139 -27.1616
1260 -85.8492 -28.4199
1261 -85.5331 -29.6938
1262 -85.0954 -31.0365
1263 -84.4964 -32.4775
1264 -83.7398 -34.0035
1265 -82.8755 -35.5532
1266 -81.9932 -37.0249
1267 -81.2024 -38.3019
1268 -80.6082 -39.2748
1269 -80.2819 -39.8703
1270 -80.2356 -40.0779
1271 -80.4222 -39.9436
1272 -80.7543 -39.5493
1273 -81.1329 -38.985
1274 -81.4782 -38.32
1275 -81.7532 -37.584
1276 -81.9709 -36.7656
1277 -82.1849 -35.8255
1278 -82.4666 -34.7196
1279 -82.8734 -33.4269
1280 -83.4209 -31.9695
1281 -84.0726 -30.42
1282 -84.7472 -28.8929
1283 -85.3439 -27.5198
1284 -85.7696 -26.4224
1285 -85.9619 -25.687
1286 -85.9031 -25.3468
1287 -85.6242 -25.3745
1288 -85.1985 -25.6897
1289 -84.7256 -26.1801
1290 -84.3078 -26.7309
1291 -84.025 -27.2553
1292 -83.9153 -27.7135
1293 -83.9682 -28.1169
1294 -84.1325 -28.5146
1295 -84.3341 -28.9709
1296 -84.4981 -29.5412
1297 -84.5683 -30.2537
1298 -84.5209 -31.1047
1299 -84.3694 -32.062
1300 -84.1577 -33.0761
1301 -83.9434 -34.095
1302 -83.7763 -35.0793
1303 -83.6778 -36.0102
1304 -83.6298 -36.8919
1305 -83.578 -37.7488
1306 -83.448 -38.613
1307 -83.1695 -39.5105
1308 -82.7005 -40.4484
1309 -82.0442 -41.4049
1310 -81.2548 -42.3226
1311 -80.4291 -43.1154
1312 -79.6847 -43.6825
1313 -79.1287 -43.9324
1314 -78.8292 -43.8067
1315 -78.7982 -43.2977
1316 -78.9885 -42.454
1317 -79.3081 -41.3743
1318 -79.6474 -40.1826
1319 -79.9084 -39.0019
1320 -80.0276 -37.9288
1321 -79.9879 -37.0177
1322 -79.8171 -36.2752
1323 -79.576 -35.6733
1324 -79.3382 -35.1672
1325 -79.1656 -34.7152
1326 -79.0887 -34.3006
1327 -79.0961 -33.9418
1328 -79.1396 -33.6888
1329 -79.1525 -33.6064
1330 -79.0736 -33.7527
1331 -78.8692 -34.1573
1332 -78.546 -34.8068
1333 -78.1532 -35.6417
1334 -77.7697 -36.5659
1335 -77.4803 -37.4701
1336 -77.3451 -38.2611
1337 -77.3755 -38.8892
1338 -77.5241 -39.3627
1339 -77.6939 -39.7452
1340 -77.7649 -40.1372
1341 -77.6229 -40.6443
1342 -77.1858 -41.3452
1343 -76.4179 -42.2698
1344 -75.336 -43.3887
1345 -74.0068 -44.6184
1346 -72.5362 -45.8388
1347 -71.0435 -46.926
1348 -69.6406 -47.779
1349 -68.4053 -48.3446
1350 -67.3621 -48.6278
1351 -66.491 -48.6777
1352 -65.75 -48.561
1353 -65.1039 -48.3327
1354 -64.549 -48.0148
1355 -64.1239 -47.5862
1356 -63.9024 -46.9911
1357 -63.9708 -46.1602
1358 -64.3929 -45.0425
1359 -65.1797 -43.6347
1360 -66.2731 -41.9959
1361 -67.5538 -40.2452
1362 -68.8662 -38.5397
1363 -70.0567 -37.038
1364 -71.0048 -35.865
1365 -71.6406 -35.095
1366 -71.9534 -34.7405
1367 -71.9892 -34.7567
1368 -71.8373 -35.0561
1369 -71.6103 -35.531
1370 -71.4167 -36.0785
1371 -71.3367 -36.6235
1372 -71.4051 -37.1314
1373 -71.6098 -37.6103
1374 -71.9033 -38.0961
1375 -72.2265 -38.6298
1376 -72.5308 -39.2351
1377 -72.7963 -39.9066
1378 -73.0362 -40.6038
1379 -73.2903 -41.2597
1380 -73.6098 -41.8024
1381 -74.0363 -42.1738
1382 -74.5844 -42.3465
1383 -75.2319 -42.3284
1384 -75.9226 -42.1579
1385 -76.5811 -41.8921
1386 -77.1314 -41.5914
1387 -77.5154 -41.3071
1388 -77.7087 -41.0715
1389 -77.7275 -40.8949
1390 -77.6254 -40.7652
1391 -77.4839 -40.6515
1392 -77.3958 -40.5117
1393 -77.4437 -40.3029
1394 -77.6803 -39.9952
1395 -78.1171 -39.5821
1396 -78.7234 -39.0851
1397 -79.4385 -38.5491
1398 -80.1911 -38.0319
1399 -80.9208 -37.5871
1400 -81.5949 -37.2485
1401 -82.2145 -37.019
1402 -82.809 -36.8705
1403 -83.4229 -36.7533
1404 -84.0956 -36.6133
1405 -84.8428 -36.4107
1406 -85.6464 -36.133
1407 -86.4548 -35.7987
1408 -87.1983 -35.4491
1409 -87.8077 -35.1346
1410 -88.2292 -34.8977
1411 -88.4367 -34.7602
1412 -88.4347 -34.7158
1413 -88.2549 -34.7312
1414 -87.9476 -34.7546
1415 -87.5676 -34.7303
1416 -87.1597 -34.6167
1417 -86.7439 -34.3998
1418 -86.3116 -34.1006
1419 -85.8271 -33.7718
1420 -85.2409 -33.4837
1421 -84.505 -33.3056
1422 -83.5895 -33.2885
1423 -82.4932 -33.4512
1424 -81.2483 -33.7747
1425 -79.916 -34.2087
1426 -78.5755 -34.6847
1427 -77.3063 -35.1372
1428 -76.1706 -35.5218
1429 -75.2007 -35.8261
1430 -74.3946 -36.0687
1431 -73.7265 -36.2873
1432 -73.1644 -36.5179
1433 -72.6871 -36.7793
1434 -72.2948 -37.0637
1435 -72.0109 -37.3372
1436 -71.8736 -37.5498
1437 -71.9203 -37.6505
1438 -72.1717 -37.6025
1439 -72.6193 -37.3957
1440 -73.2215 -37.0512
1441 -73.9088 -36.618
1442 -74.5983 -36.1598
1443 -75.206 -35.7424
1444 -75.6627 -35.4163
1445 -75.9279 -35.2051
1446 -75.995 -35.1018
1447 -75.891 -35.0715
1448 -75.6678 -35.0634
1449 -75.3869 -35.025
1450 -75.1014 -34.9156
1451 -74.8411 -34.7162
1452 -74.6065 -34.431
1453 -74.3724 -34.0824
1454 -74.1002 -33.7015
1455 -73.7527 -33.3209
1456 -73.3055 -32.9685
1457 -72.7532 -32.6636
1458 -72.1089 -32.4166
1459 -71.4013 -32.2284
1460 -70.6682 -32.0927
1461 -69.9511 -31.9984
1462 -69.2868 -31.9352
1463 -68.7017 -31.8997
1464 -68.2068 -31.9013
1465 -67.794 -31.9645
1466 -67.44 -32.1256
1467 -67.116 -32.4244
1468 -66.8013 -32.8905
1469 -66.498 -33.5305
1470 -66.2383 -34.3205
1471 -66.0836 -35.2065
1472 -66.1088 -36.1127
1473 -66.376 -36.959
1474 -66.9056 -37.6788
1475 -67.6598 -38.2322
1476 -68.5472 -38.6097
1477 -69.4474 -38.8243
1478 -70.2503 -38.901
1479 -70.8839 -38.8648
1480 -71.3225 -38.7299
1481 -71.5834 -38.4968
1482 -71.7135 -38.1525
1483 -71.772 -37.676
1484 -71.8135 -37.048
1485 -71.8743 -36.2627
1486 -71.9612 -35.3407
1487 -72.0494 -34.3375
1488 -72.0873 -33.3391
1489 -72.0095 -32.4481
1490 -71.7552 -31.7652
1491 -71.2846 -31.3665
1492 -70.5933 -31.2865
1493 -69.7158 -31.5127
1494 -68.7206 -31.9919
1495 -67.6956 -32.6471
1496 -66.7201 -33.4015
1497 -65.8375 -34.2034
1498 -65.0404 -35.0394
1499 -64.2742 -35.935
1500 -63.4581 -36.9388
1501 -62.5168 -38.0975
1502 -61.4102 -39.4278
1503 -60.1529 -40.9005
1504 -58.8202 -42.4363
1505 -57.5366 -43.9176
1506 -56.445 -45.2189
1507 -55.6679 -46.239
1508 -55.2701 -46.9289
1509 -55.2411 -47.3015
1510 -55.4995 -47.4231
1511 -55.9188 -47.3896
1512 -56.3626 -47.2973
1513 -56.7169 -47.2173
1514 -56.9109 -47.1816
1515 -56.9271 -47.1821
1516 -56.7953 -47.1801
1517 -56.5784 -47.1208
1518 -56.3475 -46.9528
1519 -56.1596 -46.6435
1520 -56.0402 -46.1891
1521 -55.9816 -45.6156
1522 -55.9513 -44.9718
1523 -55.9091 -44.3117
1524 -55.8278 -43.6792
1525 -55.709 -43.0937
1526 -55.5919 -42.5447
1527 -55.5494 -41.9959
1528 -55.6732 -41.3976
1529 -56.0495 -40.704
1530 -56.7341 -39.8904
1531 -57.7334 -38.9647
1532 -58.9975 -37.9713
1533 -60.4348 -36.9779
1534 -61.9336 -36.0594
1535 -63.3834 -35.2831
1536 -64.6995 -34.6934
1537 -65.8342 -34.3062
1538 -66.7854 -34.1072
1539 -67.5893 -34.0585
1540 -68.3037 -34.1091
1541 -68.9917 -34.2057
1542 -69.7027 -34.303
1543 -70.4595 -34.3723
1544 -71.2527 -34.4036
1545 -72.0425 -34.4058
1546 -72.7724 -34.4013
1547 -73.3839 -34.4199
1548 -73.8341 -34.4908
1549 -74.1046 -34.636
1550 -74.1979 -34.8643
1551 -74.1328 -35.1702
1552 -73.9348 -35.5346
1553 -73.6246 -35.9326
1554 -73.2114 -36.341
1555 -72.6902 -36.744
1556 -72.0454 -37.1382
1557 -71.2599 -37.5305
1558 -70.3231 -37.9343
1559 -69.242 -38.3605
1560 -68.0509 -38.8066
1561 -66.8145 -39.2476
1562 -65.6241 -39.635
1563 -64.5899 -39.9001
1564 -63.8229 -39.9688
1565 -63.4077 -39.7828
1566 -63.384 -39.3171
1567 -63.7372 -38.5908
1568 -64.4061 -37.6628
1569 -65.3037 -36.6175
1570 -66.3417 -35.5443
1571 -67.4504 -34.5175
1572 -68.5875 -33.5832
1573 -69.7273 -32.7638
1574 -70.8474 -32.0686
1575 -71.9201 -31.5039
1576 -72.9037 -31.0876
1577 -73.744 -30.8535
1578 -74.3828 -30.8467
1579 -74.7685 -31.1122
1580 -74.8693 -31.6796
1581 -74.6772 -32.5513
1582 -74.2116 -33.6973
1583 -73.5199 -35.0532
1584 -72.6755 -36.5267
1585 -71.7673 -38.0138
1586 -70.8844 -39.4169
1587 -70.0941 -40.6676
1588 -69.4283 -41.7336
1589 -68.8767 -42.6199
1590 -68.3891 -43.3644
1591 -67.8956 -44.0151
1592 -67.3302 -44.6113
1593 -66.6559 -45.1678
1594 -65.8791 -45.6702
1595 -65.0484 -46.0866
1596 -64.2409 -46.3825
1597 -63.5347 -46.5394
1598 -62.9851 -46.5674
1599 -62.6093 -46.5056
1600 -62.3841 -46.4141
1601 -62.2658 -46.3535
1602 -62.2123 -46.3651
1603 -62.2032 -46.4574
1604 -62.2481 -46.602
1605 -62.3854 -46.7424
1606 -62.6714 -46.808
1607 -63.1637 -46.7309
1608 -63.9038 -46.4619
1609 -64.9019 -45.9794
1610 -66.1261 -45.2939
1611 -67.5024 -44.4437
1612 -68.9251 -43.4867
1613 -70.2717 -42.4903
1614 -71.4267 -41.5201
1615 -72.3047 -40.6306
1616 -72.865 -39.8602
1617 -73.1157 -39.2297
1618 -73.1043 -38.744
1619 -72.9005 -38.3981
1620 -72.5735 -38.1827
1621 -72.1749 -38.0912
1622 -71.7297 -38.1236
1623 -71.2363 -38.2875
1624 -70.6774 -38.5952
1625 -70.0345 -39.0599
1626 -69.3031 -39.6888
1627 -68.5043 -40.4757
1628 -67.6883 -41.3961
1629 -66.9323 -42.4018
1630 -66.3329 -43.4201
1631 -65.9871 -44.3647
1632 -65.97 -45.1515
1633 -66.3124 -45.7166
1634 -66.9889 -46.0277
1635 -67.9209 -46.0867
1636 -68.9955 -45.9234
1637 -70.0962 -45.5834
1638 -71.1314 -45.1151
1639 -72.0558 -44.5563
1640 -72.8792 -43.9237
1641 -73.6545 -43.21
1642 -74.453 -42.3901
1643 -75.3356 -41.4362
1644 -76.3257 -40.3364
1645 -77.396 -39.1104
1646 -78.4748 -37.812
1647 -79.468 -36.5194
1648 -80.2883 -35.3152
1649 -80.8804 -34.2663
1650 -81.2358 -33.4076
1651 -81.3939 -32.736
1652 -81.4294 -32.2158
1653 -81.4308 -31.7938
1654 -81.4716 -31.42
1655 -81.5859 -31.0698
1656 -81.7561 -30.7562
1657 -81.9213 -30.5276
1658 -82.0011 -30.4518
1659 -81.9269 -30.5916
1660 -81.6664 -30.9801
1661 -81.2389 -31.6025
1662 -80.717 -32.3901
1663 -80.2134 -33.2291
1664 -79.8523 -33.9886
1665 -79.7331 -34.5592
1666 -79.8976 -34.8853
1667 -80.3186 -34.9788
1668 -80.9122 -34.9087
1669 -81.5686 -34.7693
1670 -82.1875 -34.6446
1671 -82.7049 -34.58
1672 -83.108 -34.5693
1673 -83.4349 -34.5608
1674 -83.7611 -34.477
1675 -84.1745 -34.2443
1676 -84.7434 -33.8215
1677 -85.4871 -33.2231
1678 -86.3689 -32.5179
1679 -87.3063 -31.8128
1680 -88.194 -31.2259
1681 -88.9372 -30.8531
1682 -89.4763 -30.745
1683 -89.7999 -30.8972
1684 -89.9468 -31.2516
1685 -89.9969 -31.7096
1686 -90.0467 -32.1571
1687 -90.1781 -32.494
1688 -90.4287 -32.6613
1689 -90.7773 -32.6544
1690 -91.1523 -32.5144
1691 -91.4567 -32.3071
1692 -91.6 -32.0949
1693 -91.5269 -31.9127
1694 -91.2353 -31.755
1695 -90.7814 -31.5754
1696 -90.2689 -31.3004
1697 -89.8248 -30.8521
1698 -89.565 -30.1762
1699 -89.5625 -29.2633
1700 -89.8267 -28.1573
1701 -90.306 -26.9469
1702 -90.9105 -25.7415
1703 -91.5412 -24.6462
1704 -92.1182 -23.7393
1705 -92.5985 -23.0617
1706 -92.9804 -22.6177
1707 -93.2973 -22.383
1708 -93.6026 -22.3168
1709 -93.9494 -22.3743
1710 -94.3688 -22.5205
1711 -94.8549 -22.7407
1712 -95.3611 -23.0444
1713 -95.8098 -23.459
1714 -96.1126 -24.0176
1715 -96.1944 -24.7442
1716 -96.0138 -25.6404
1717 -95.575 -26.6766
1718 -94.9278 -27.7934
1719 -94.1579 -28.9088
1720 -93.368 -29.9315
1721 -92.6539 -30.7813
1722 -92.0808 -31.4099
1723 -91.6706 -31.8124
1724 -91.4015 -32.0286
1725 -91.2179 -32.1322
1726 -91.0532 -32.2066
1727 -90.8543 -32.3176
1728 -90.5988 -32.4939
1729 -90.3015 -32.7206
1730 -90.0089 -32.9448
1731 -89.7856 -33.0916
1732 -89.6917 -33.087
1733 -89.7627 -32.8788
1734 -89.9928 -32.4546
1735 -90.3341 -31.8454
1736 -90.7091 -31.1185
1737 -91.0353 -30.358
1738 -91.247 -29.6466
1739 -91.3126 -29.0441
1740 -91.2438 -28.5691
1741 -91.0921 -28.1961
1742 -90.9359 -27.865
1743 -90.8593 -27.5023
1744 -90.9269 -27.0519
1745 -91.1638 -26.5035
1746 -91.5451 -25.9089
1747 -92.0028 -25.3749
1748 -92.4469 -25.0391
1749 -92.7944 -25.0293
1750 -92.9973 -25.4237
1751 -93.0577 -26.2256
1752 -93.0302 -27.3623
1753 -93.0055 -28.7055
1754 -93.0817 -30.1093
1755 -93.3299 -31.4504
1756 -93.7684 -32.6567
1757 -94.3564 -33.7136
1758 -95.0121 -34.6559
1759 -95.6405 -35.5416
1760 -96.1579 -36.419
1761 -96.5119 -37.3091
1762 -96.6887 -38.1969
1763 -96.7112 -39.031
1764 -96.6286 -39.7367
1765 -96.5024 -40.2371
1766 -96.387 -40.4728
1767 -96.3136 -40.4194
1768 -96.2809 -40.0946
1769 -96.2579 -39.5554
1770 -96.1982 -38.8836
1771 -96.0614 -38.1667
1772 -95.8333 -37.4792
1773 -95.5371 -36.8628
1774 -95.2352 -36.3199
1775 -95.0163 -35.8231
1776 -94.9719 -35.3297
1777 -95.1687 -34.8046
1778 -95.6284 -34.2407
1779 -96.3219 -33.6655
1780 -97.1799 -33.1348
1781 -98.1133 -32.7139
1782 -99.0312 -32.4598
1783 -99.8598 -32.4049
1784 -100.551 -32.5524
1785 -101.078 -32.8804
1786 -101.437 -33.3481
1787 -101.639 -33.9051
1788 -101.702 -34.5025
1789 -101.64 -35.1021
1790 -101.447 -35.6823
1791 -101.097 -36.2421
1792 -100.546 -36.8001
1793 -99.7443 -37.3857
1794 -98.6556 -38.0287
1795 -97.272 -38.748
1796 -95.6265 -39.5428
1797 -93.7976 -40.3852
1798 -91.8989 -41.2233
1799 -90.0615 -41.9885
1800 -88.4132 -42.6097
1801 -87.0499 -43.0353
1802 -86.0127 -43.2515
1803 -85.2901 -43.2854
1804 -84.8292 -43.1956
1805 -84.553 -43.0535
1806 -84.3903 -42.9182
1807 -84.2959 -42.8191
1808 -84.2623 -42.7485
1809 -84.3179 -42.6661
1810 -84.5149 -42.5133
1811 -84.9077 -42.2333
1812 -85.5323 -41.7918
1813 -86.3842 -41.1923
1814 -87.4134 -40.4789
1815 -88.5372 -39.7251
1816 -89.6614 -39.0151
1817 -90.7052 -38.4216
1818 -91.6274 -37.9841
1819 -92.4347 -37.6991
1820 -93.1703 -37.527
1821 -93.8977 -37.4041
1822 -94.6786 -37.2632
1823 -95.5433 -37.0564
1824 -96.4764 -36.7716
1825 -97.4239 -36.4337
1826 -98.3083 -36.0948
1827 -99.0529 -35.8154
1828 -99.6014 -35.6457
1829 -99.9291 -35.6103
1830 -100.048 -35.6992
1831 -100.001 -35.8699
1832 -99.8508 -36.0553
1833 -99.6642 -36.184
1834 -99.4942 -36.2019
1835 -99.3675 -36.0895
1836 -99.2775 -35.8714
1837 -99.1897 -35.6106
1838 -99.0545 -35.3882
1839 -98.8249 -35.2788
1840 -98.4717 -35.3251
1841 -97.9947 -35.5245
1842 -97.4276 -35.8251
1843 -96.8295 -36.1408
1844 -96.27 -36.3754
1845 -95.812 -36.4483
1846 -95.4891 -36.32
1847 -95.2939 -36.0041
1848 -95.1804 -35.563
1849 -95.0805 -35.0883
1850 -94.9262 -34.675
1851 -94.6716 -34.394
1852 -94.3072 -34.2772
1853 -93.8629 -34.3117
1854 -93.401 -34.4506
1855 -93.0004 -34.6329
1856 -92.7337 -34.8056
1857 -92.6452 -34.9406
1858 -92.7384 -35.0433
1859 -92.9779 -35.1462
1860 -93.3012 -35.2947
1861 -93.6388 -35.5274
1862 -93.9318 -35.8598
1863 -94.1436 -36.276
1864 -94.2658 -36.7299
1865 -94.3151 -37.1529
1866 -94.3257 -37.4684
1867 -94.3369 -37.606
1868 -94.3809 -37.5154
1869 -94.472 -37.176
1870 -94.603 -36.6005
1871 -94.7478 -35.8305
1872 -94.8704 -34.9281
1873 -94.9367 -33.9604
1874 -94.926 -32.9881
1875 -94.8376 -32.0568
1876 -94.6925 -31.1927
1877 -94.5285 -30.4016
1878 -94.3911 -29.6781
1879 -94.3208 -29.0151
1880 -94.3401 -28.41
1881 -94.445 -27.8729
1882 -94.6038 -27.4288
1883 -94.7636 -27.1129
1884 -94.8638 -26.9609
1885 -94.8502 -26.9978
1886 -94.6892 -27.2277
1887 -94.3737 -27.6285
1888 -93.9241 -28.1513
1889 -93.3803 -28.728
1890 -92.7898 -29.2857
1891 -92.1944 -29.7617
1892 -91.6177 -30.1171
1893 -91.0629 -30.3437
1894 -90.5124 -30.4653
1895 -89.9327 -30.5338
1896 -89.2862 -30.6167
1897 -88.5465 -30.7815
1898 -87.7067 -31.0804
1899 -86.7871 -31.538
1900 -85.8418 -32.1444
1901 -84.9507 -32.8576
1902 -84.2038 -33.6149
1903 -83.6778 -34.351
1904 -83.4129 -35.0157
1905 -83.4011 -35.5828
1906 -83.5918 -36.0486
1907 -83.9131 -36.4203
1908 -84.2972 -36.7012
1909 -84.7033 -36.8787
1910 -85.1267 -36.9204
1911 -85.5945 -36.7784
1912 -86.1515 -36.3996
1913 -86.8378 -35.7432
1914 -87.6702 -34.7969
1915 -88.6331 -33.5865
1916 -89.6773 -32.1797
1917 -90.731 -30.6772
1918 -91.7173 -29.1946
1919 -92.5747 -27.8394
1920 -93.2737 -26.6904
1921 -93.824 -25.7864
1922 -94.27 -25.1288
1923 -94.6738 -24.6943
1924 -95.092 -24.4549
1925 -95.5521 -24.3984
1926 -96.0421 -24.5365
1927 -96.517 -24.8998
1928 -96.9184 -25.5205
1929 -97.1987 -26.4126
1930 -97.3375 -27.5554
1931 -97.3496 -28.8876
1932 -97.2815 -30.314
1933 -97.2003 -31.7187
1934 -97.1767 -32.9877
1935 -97.2669 -34.0328
1936 -97.4994 -34.8067
1937 -97.8688 -35.308
1938 -98.339 -35.5778
1939 -98.8531 -35.6836
1940 -99.3466 -35.7008
1941 -99.7625 -35.694
1942 -100.064 -35.7034
1943 -100.248 -35.7372
1944 -100.344 -35.7742
1945 -100.413 -35.7736
1946 -100.528 -35.6927
1947 -100.747 -35.5067
1948 -101.094 -35.2237
1949 -101.543 -34.8887
1950 -102.027 -34.5723
1951 -102.459 -34.3496
1952 -102.761 -34.2761
1953 -102.881 -34.3702
1954 -102.813 -34.6068
1955 -102.586 -34.9233
1956 -102.261 -35.2347
1957 -101.909 -35.4546
1958 -101.585 -35.5157
1959 -101.317 -35.3846
1960 -101.09 -35.0685
1961 -100.854 -34.6107
1962 -100.537 -34.0787
1963 -100.064 -33.5467
1964 -99.3804 -33.0779
1965 -98.4648 -32.7115
1966 -97.3429 -32.4531
1967 -96.0882 -32.2736
1968 -94.8072 -32.1175
1969 -93.6176 -31.9199
1970 -92.6262 -31.6287
1971 -91.8978 -31.2244
1972 -91.4403 -30.7303
1973 -91.2064 -30.2098
1974 -91.1147 -29.749
1975 -91.0773 -29.4331
1976 -91.0299 -29.3226
1977 -90.9488 -29.4397
1978 -90.8582 -29.7624
1979 -90.8203 -30.2319
1980 -90.9147 -30.7681
1981 -91.2106 -31.2916
1982 -91.7397 -31.747
1983 -92.4804 -32.1144
1984 -93.3628 -32.408
1985 -94.2918 -32.6648
1986 -95.175 -32.9231
1987 -95.9476 -33.2056
1988 -96.5831 -33.5052
1989 -97.0936 -33.7824
1990 -97.5217 -33.9724
1991 -97.923 -34.0003
1992 -98.3474 -33.8017
1993 -98.8231 -33.3431
1994 -99.3461 -32.636
1995 -99.8799 -31.7395
1996 -100.364 -30.7488
1997 -100.727 -29.7763
1998 -100.906 -28.9273
1999 -100.855 -28.2819
2000 -100.553 -27.886
2001 -100.007 -27.7503
