1 60.8967 49.6535
2 61.5025 48.6362
3 61.9948 47.5842
4 62.3723 46.5299
5 62.644 45.5034
6 62.8192 44.5387
7 62.9005 43.6784
8 62.8769 42.9763
9 62.7239 42.4955
10 62.4071 42.2991
11 61.8903 42.4445
12 61.1448 42.9742
13 60.1584 43.9085
14 58.9419 45.2391
15 57.5304 46.9256
16 55.9822 48.895
17 54.3766 51.0429
18 52.8027 53.2493
19 51.3513 55.3919
20 50.1087 57.3548
21 49.1456 59.0433
22 48.5114 60.3872
23 48.2285 61.3469
24 48.2939 61.909
25 48.6866 62.0742
26 49.3718 61.8544
27 50.3045 61.2681
28 51.4343 60.3381
29 52.7074 59.0912
30 54.0633 57.5617
31 55.4394 55.7919
32 56.7713 53.8383
33 58.002 51.766
34 59.085 49.6503
35 59.9803 47.5842
36 60.6559 45.6706
37 61.0839 44.0164
38 61.2406 42.7159
39 61.1087 41.8377
40 60.6791 41.4215
41 59.9584 41.4737
42 58.9733 41.9704
43 57.7727 42.8616
44 56.4248 44.0776
45 55.0129 45.5341
46 53.6231 47.1415
47 52.3306 48.8164
48 51.1889 50.4896
49 50.2218 52.1139
50 49.4217 53.6648
51 48.7557 55.1319
52 48.1775 56.5056
53 47.6433 57.7612
54 47.1267 58.8493
55 46.6283 59.7014
56 46.1789 60.2433
57 45.8336 60.4156
58 45.6596 60.1901
59 45.7183 59.5749
60 46.0475 58.6138
61 46.6498 57.3765
62 47.4903 55.9473
63 48.5026 54.4198
64 49.6045 52.8872
65 50.7204 51.4274
66 51.794 50.0962
67 52.7919 48.9232
68 53.7024 47.9086
69 54.523 47.0337
70 55.2437 46.281
71 55.8395 45.6493
72 56.2678 45.1652
73 56.4732 44.8825
74 56.3992 44.8671
75 56.0032 45.1679
76 55.2712 45.7898
77 54.2285 46.6773
78 52.945 47.7185
79 51.527 48.7697
80 50.0986 49.6913
81 48.7819 50.371
82 47.6771 50.7396
83 46.8459 50.7728
84 46.3044 50.4872
85 46.0288 49.9297
86 45.9691 49.163
87 46.0705 48.2495
88 46.2951 47.2318
89 46.6351 46.1213
90 47.1106 44.9024
91 47.7546 43.5477
92 48.5904 42.041
93 49.6099 40.4042
94 50.7618 38.7157
95 51.952 37.1095
96 53.0591 35.7566
97 53.9615 34.8231
98 54.5673 34.4236
99 54.8396 34.5877
100 54.8044 35.2543
101 54.5422 36.2908
102 54.1634 37.5321
103 53.7753 38.8233
104 53.4563 40.0485
105 53.2391 41.1469
106 53.1104 42.1084
107 53.0215 42.9599
108 52.9063 43.7418
109 52.7031 44.4826
110 52.3732 45.1778
111 51.9151 45.7773
112 51.3655 46.1894
113 50.7932 46.2992
114 50.283 45.9989
115 49.914 45.2229
116 49.74 43.9737
117 49.7762 42.3339
118 49.9941 40.4508
119 50.3293 38.5075
120 50.7029 36.6876
121 51.0494 35.1319
122 51.3409 33.9109
123 51.598 33.0234
124 51.8808 32.4129
125 52.2658 31.9976
126 52.8167 31.7048
127 53.5597 31.4971
128 54.4751 31.3834
129 55.5026 31.4137
130 56.5579 31.6609
131 57.5577 32.1919
132 58.4459 33.0379
133 59.2066 34.1702
134 59.8667 35.4955
135 60.4838 36.8744
136 61.1236 38.154
137 61.8378 39.2024
138 62.6495 39.9366
139 63.5479 40.3318
140 64.4913 40.4164
141 65.4181 40.2547
142 66.2606 39.9267
143 66.963 39.505
144 67.4951 39.0365
145 67.859 38.5339
146 68.0893 37.9749
147 68.2434 37.3142
148 68.3882 36.4994
149 68.5831 35.4889
150 68.8647 34.2725
151 69.2367 32.8835
152 69.6685 31.4039
153 70.1018 29.9603
154 70.4678 28.7037
155 70.7111 27.7721
156 70.8108 27.2551
157 70.7916 27.168
158 70.7186 27.4516
159 70.6782 27.9979
160 70.7495 28.6876
161 70.9797 29.4281
162 71.3711 30.1747
163 71.8815 30.9303
164 72.4395 31.7293
165 72.9674 32.6121
166 73.4002 33.599
167 73.6992 34.6708
168 73.8531 35.7702
169 73.8727 36.8141
170 73.7794 37.7073
171 73.5937 38.365
172 73.3296 38.7286
173 72.9885 38.7768
174 72.5589 38.5305
175 72.019 38.0502
176 71.3413 37.4264
177 70.4994 36.7604
178 69.4765 36.1413
179 68.2712 35.6241
180 66.9004 35.2222
181 65.3971 34.9131
182 63.8042 34.6577
183 62.1664 34.4236
184 60.5219 34.2054
185 58.8974 34.0339
186 57.3065 33.9729
187 55.7548 34.1032
188 54.2445 34.4994
189 52.7839 35.209
190 51.397 36.238
191 50.1213 37.5489
192 48.9994 39.0725
193 48.0772 40.7093
194 47.3955 42.3424
195 46.9772 43.8587
196 46.8301 45.1549
197 46.9484 46.1488
198 47.3156 46.7874
199 47.9084 47.0497
200 48.6987 46.9407
201 49.6562 46.4818
202 50.7492 45.7006
203 51.9484 44.6208
204 53.2271 43.2616
205 54.5618 41.6419
206 55.9305 39.7871
207 57.3106 37.7386
208 58.6736 35.5608
209 59.9832 33.34
210 61.1965 31.178
211 62.2678 29.1817
212 63.1568 27.451
213 63.8338 26.069
214 64.2863 25.0925
215 64.5227 24.5454
216 64.5738 24.4125
217 64.4913 24.6418
218 64.3429 25.1508
219 64.2026 25.8438
220 64.1399 26.628
221 64.2091 27.4297
222 64.4406 28.2054
223 64.8366 28.9391
224 65.3723 29.6394
225 66.0042 30.3299
226 66.6796 31.0348
227 67.3499 31.7651
228 67.9771 32.5056
229 68.5383 33.2127
230 69.0274 33.82
231 69.4497 34.2493
232 69.8162 34.4263
233 70.1378 34.2971
234 70.4199 33.8413
235 70.6619 33.0806
236 70.8571 32.0762
237 70.9934 30.9178
238 71.0578 29.7026
239 71.0426 28.5121
240 70.9488 27.3994
241 70.7899 26.3834
242 70.5899 25.4566
243 70.3773 24.5978
244 70.1753 23.7894
245 69.9936 23.0346
246 69.8225 22.3633
247 69.6317 21.8295
248 69.3753 21.5024
249 69.0014 21.4505
250 68.4649 21.7228
251 67.7393 22.3349
252 66.8275 23.258
253 65.7635 24.4222
254 64.6089 25.7246
255 63.4465 27.0438
256 62.3654 28.2628
257 61.4466 29.289
258 60.7525 30.0663
259 60.321 30.5767
260 60.165 30.8332
261 60.2759 30.8653
262 60.6299 30.7045
263 61.1953 30.3723
264 61.9366 29.8768
265 62.8164 29.2153
266 63.7953 28.3825
267 64.8276 27.3827
268 65.8645 26.2363
269 66.852 24.9851
270 67.7299 23.693
271 68.4375 22.4393
272 68.9186 21.3094
273 69.1305 20.3843
274 69.0505 19.7318
275 68.6812 19.3956
276 68.0533 19.3875
277 67.2252 19.6812
278 66.2744 20.2164
279 65.2885 20.9108
280 64.3565 21.6767
281 63.5562 22.4377
282 62.9461 23.1403
283 62.5599 23.757
284 62.4068 24.2797
285 62.4744 24.7106
286 62.7372 25.0475
287 63.1647 25.2727
288 63.7295 25.3537
289 64.4077 25.2513
290 65.175 24.9336
291 66.003 24.3903
292 66.8565 23.6386
293 67.6909 22.7244
294 68.4545 21.7157
295 69.0974 20.6921
296 69.5772 19.7343
297 69.8676 18.9115
298 69.9619 18.2727
299 69.8755 17.8374
300 69.6454 17.5913
301 69.3229 17.4943
302 68.9668 17.4935
303 68.6342 17.5397
304 68.3743 17.5983
305 68.2217 17.6578
306 68.1938 17.7276
307 68.2914 17.8316
308 68.5009 17.9956
309 68.799 18.2368
310 69.1572 18.5581
311 69.5451 18.9496
312 69.9306 19.3955
313 70.2807 19.8811
314 70.5613 20.3987
315 70.7393 20.9465
316 70.7861 21.5237
317 70.6824 22.1264
318 70.4227 22.7412
319 70.0191 23.3426
320 69.5018 23.894
321 68.9175 24.3492
322 68.3233 24.6576
323 67.7791 24.7712
324 67.3386 24.6522
325 67.0419 24.2812
326 66.9126 23.6608
327 66.9573 22.8206
328 67.1715 21.8058
329 67.5453 20.6685
330 68.0699 19.4624
331 68.7395 18.2343
332 69.5504 17.0206
333 70.4964 15.8522
334 71.5634 14.7594
335 72.7233 13.7818
336 73.9314 12.9701
337 75.1307 12.3818
338 76.2523 12.0747
339 77.224 12.0968
340 77.9822 12.4734
341 78.4798 13.1988
342 78.6941 14.234
343 78.631 15.5077
344 78.3233 16.9257
345 77.8254 18.386
346 77.2028 19.7937
347 76.5191 21.0722
348 75.825 22.1742
349 75.1507 23.0826
350 74.51 23.7993
351 73.9063 24.3356
352 73.3431 24.6967
353 72.8334 24.8742
354 72.4036 24.8435
355 72.0862 24.5744
356 71.9135 24.0428
357 71.9067 23.2455
358 72.0696 22.2076
359 72.3847 20.9815
360 72.814 19.6445
361 73.3019 18.2897
362 73.7812 17.0173
363 74.1828 15.923
364 74.447 15.0864
365 74.5307 14.5685
366 74.4137 14.4022
367 74.0985 14.5932
368 73.6043 15.1234
369 72.9593 15.958
370 72.1887 17.055
371 71.3079 18.3723
372 70.3189 19.8725
373 69.217 21.515
374 68.0008 23.2484
375 66.6793 25.0117
376 65.2838 26.7299
377 63.8719 28.3188
378 62.5218 29.6948
379 61.3198 30.7867
380 60.3459 31.5425
381 59.659 31.9354
382 59.2887 31.9654
383 59.2331 31.6596
384 59.4607 31.0714
385 59.9176 30.2772
386 60.5359 29.3685
387 61.2447 28.4391
388 61.9808 27.5703
389 62.6951 26.8225
390 63.3574 26.2282
391 63.9524 25.8007
392 64.4727 25.5426
393 64.9137 25.4563
394 65.2671 25.5497
395 65.5171 25.837
396 65.6435 26.3332
397 65.6287 27.0446
398 65.4662 27.9628
399 65.1675 29.0593
400 64.7656 30.2823
401 64.311 31.5622
402 63.8642 32.8162
403 63.4836 33.9584
404 63.2156 34.9073
405 63.0849 35.597
406 63.0931 35.984
407 63.2206 36.0512
408 63.4336 35.8074
409 63.6935 35.2823
410 63.966 34.5153
411 64.2268 33.5483
412 64.4656 32.4169
413 64.6835 31.1563
414 64.8879 29.8093
415 65.0882 28.4289
416 65.2884 27.0839
417 65.4838 25.8546
418 65.6608 24.8248
419 65.8013 24.0697
420 65.8914 23.6435
421 65.9306 23.5733
422 65.9364 23.8584
423 65.9428 24.4724
424 65.9927 25.3703
425 66.1266 26.4918
426 66.3734 27.7685
427 66.7442 29.1292
428 67.2331 30.505
429 67.8222 31.8331
430 68.4865 33.0615
431 69.1973 34.1483
432 69.9235 35.0601
433 70.6301 35.7706
434 71.2786 36.2613
435 71.8291 36.5228
436 72.2436 36.5607
437 72.4908 36.3976
438 72.5483 36.072
439 72.403 35.6328
440 72.0516 35.1293
441 71.5022 34.6005
442 70.7778 34.0698
443 69.9142 33.5407
444 68.9588 33.0033
445 67.9685 32.4497
446 66.9969 31.8859
447 66.0852 31.3402
448 65.2545 30.8658
449 64.5073 30.5321
450 63.8372 30.4085
451 63.2418 30.5478
452 62.7354 30.9707
453 62.3532 31.662
454 62.1459 32.5739
455 62.1691 33.638
456 62.4634 34.7837
457 63.0398 35.951
458 63.8733 37.1045
459 64.9068 38.2342
460 66.0595 39.3483
461 67.2393 40.4632
462 68.3543 41.5893
463 69.3224 42.7217
464 70.0791 43.8336
465 70.5826 44.8777
466 70.8183 45.794
467 70.7978 46.5231
468 70.5537 47.0228
469 70.1304 47.276
470 69.5746 47.289
471 68.9285 47.0872
472 68.2302 46.7075
473 67.5152 46.1858
474 66.8223 45.5507
475 66.1968 44.8193
476 65.6884 43.9981
477 65.3427 43.0873
478 65.193 42.0897
479 65.2524 41.0179
480 65.5094 39.9045
481 65.9291 38.8058
482 66.4587 37.8021
483 67.035 36.9916
484 67.596 36.4736
485 68.0888 36.3297
486 68.4792 36.6024
487 68.7545 37.2845
488 68.9256 38.322
489 69.0221 39.6281
490 69.0842 41.1023
491 69.1539 42.6483
492 69.2668 44.1836
493 69.445 45.6436
494 69.6944 46.9794
495 70.0059 48.1559
496 70.3617 49.1479
497 70.7427 49.9388
498 71.1353 50.5148
499 71.5318 50.8626
500 71.93 50.9674
501 72.3251 50.8139
502 72.7033 50.3911
503 73.0368 49.704
504 73.2842 48.786
505 73.3946 47.7063
506 73.3156 46.5679
507 73.0027 45.491
508 72.426 44.5849
509 71.5754 43.9249
510 70.4645 43.5402
511 69.1287 43.4153
512 67.6202 43.5045
513 66.006 43.7523
514 64.3595 44.1095
515 62.7462 44.5448
516 61.2166 45.0486
517 59.8 45.6278
518 58.5061 46.297
519 57.3327 47.0682
520 56.2766 47.9413
521 55.3454 48.8973
522 54.5611 49.8979
523 53.9586 50.8857
524 53.5742 51.7931
525 53.4324 52.5546
526 53.5366 53.1205
527 53.8639 53.4704
528 54.3694 53.6172
529 54.9966 53.6028
530 55.6918 53.4811
531 56.4139 53.2998
532 57.1389 53.0838
533 57.8543 52.8318
534 58.55 52.5237
535 59.2106 52.1346
536 59.8094 51.6526
537 60.3093 51.0882
538 60.6665 50.4804
539 60.8341 49.8903
540 60.7666 49.3904
541 60.424 49.0513
542 59.7782 48.9271
543 58.8189 49.046
544 57.5596 49.4055
545 56.0423 49.9756
546 54.334 50.7068
547 52.5184 51.5408
548 50.6825 52.4234
549 48.9066 53.3143
550 47.2628 54.187
551 45.8124 55.0265
552 44.61 55.821
553 43.7102 56.552
554 43.1682 57.1886
555 43.0296 57.691
556 43.3207 58.0174
557 44.0363 58.1342
558 45.1371 58.0256
559 46.5521 57.7
560 48.1852 57.1894
561 49.9267 56.5454
562 51.6679 55.8305
563 53.3051 55.1088
564 54.75 54.4376
565 55.944 53.8555
566 56.8607 53.3807
567 57.5063 53.011
568 57.9153 52.7283
569 58.1424 52.5054
570 58.2507 52.3127
571 58.2997 52.1258
572 58.3357 51.9306
573 58.3851 51.7262
574 58.456 51.5229
575 58.5426 51.3383
576 58.6328 51.1909
577 58.7162 51.0926
578 58.7872 51.0453
579 58.8456 51.0404
580 58.8929 51.0607
581 58.928 51.0864
582 58.9435 51.1012
583 58.923 51.0999
584 58.8447 51.0918
585 58.6841 51.1027
586 58.4221 51.1675
587 58.0523 51.3199
588 57.5898 51.58
589 57.0775 51.9435
590 56.5875 52.3783
591 56.2165 52.8292
592 56.0738 53.2291
593 56.2626 53.5131
594 56.8574 53.6345
595 57.8847 53.5755
596 59.3118 53.3532
597 61.0552 53.0138
598 62.992 52.624
599 64.9895 52.2523
600 66.934 51.9513
601 68.7422 51.7442
602 70.3594 51.6213
603 71.758 51.5429
604 72.9273 51.4534
605 73.8611 51.2988
606 74.5575 51.0431
607 75.0157 50.6807
608 75.2369 50.2364
609 75.2258 49.7548
610 74.9915 49.2856
611 74.5548 48.8635
612 73.9546 48.4943
613 73.2523 48.1516
614 72.5305 47.7833
615 71.8825 47.3286
616 71.3922 46.7414
617 71.1146 46.0106
618 71.0571 45.1702
619 71.176 44.2985
620 71.391 43.5064
621 71.6081 42.9116
622 71.7442 42.6118
623 71.7451 42.6643
624 71.5912 43.0764
625 71.2902 43.8107
626 70.8653 44.7997
627 70.3431 45.964
628 69.7431 47.2342
629 69.0745 48.5615
630 68.3397 49.9156
631 67.5377 51.2788
632 66.6705 52.6355
633 65.7507 53.9589
634 64.8072 55.2058
635 63.8864 56.3174
636 63.0505 57.2249
637 62.3692 57.8604
638 61.9108 58.1637
639 61.7286 58.0914
640 61.8448 57.6264
641 62.245 56.7815
642 62.8749 55.6046
643 63.6506 54.1752
644 64.473 52.5955
645 65.2459 50.9785
646 65.8946 49.4259
647 66.3756 48.0144
648 66.6805 46.7831
649 66.8279 45.7391
650 66.8491 44.8728
651 66.7748 44.1693
652 66.6245 43.6192
653 66.4028 43.2246
654 66.0985 43.003
655 65.6898 42.9815
656 65.1528 43.1919
657 64.4708 43.66
658 63.6428 44.3946
659 62.6898 45.3757
660 61.6535 46.5505
661 60.5897 47.8356
662 59.5579 49.1279
663 58.6096 50.3217
664 57.7794 51.328
665 57.0775 52.095
666 56.4888 52.6175
667 55.9783 52.9313
668 55.5035 53.0955
669 55.0287 53.167
670 54.5409 53.1764
671 54.0578 53.1149
672 53.6268 52.9389
673 53.3103 52.5844
674 53.1675 51.9899
675 53.2389 51.1207
676 53.5314 49.9833
677 54.0115 48.6343
678 54.6132 47.1694
679 55.2531 45.7061
680 55.8477 44.3661
681 56.3324 43.2465
682 56.6754 42.4007
683 56.8811 41.8315
684 56.9847 41.4978
685 57.0384 41.3324
686 57.0953 41.2662
687 57.1942 41.2514
688 57.3519 41.272
689 57.5619 41.3429
690 57.8017 41.4983
691 58.0433 41.7728
692 58.2644 42.183
693 58.4559 42.7167
694 58.6241 43.331
695 58.7868 43.9624
696 58.9646 44.5452
697 59.1719 45.0277
698 59.4069 45.3888
699 59.6464 45.6406
700 59.8434 45.8236
701 59.934 45.9934
702 59.8487 46.2056
703 59.5301 46.4997
704 58.9454 46.8904
705 58.0945 47.3666
706 57.0102 47.8967
707 55.747 48.44
708 54.3699 48.9557
709 52.9412 49.409
710 51.5093 49.7764
711 50.11 50.0419
712 48.7702 50.1977
713 47.517 50.2404
714 46.3792 50.174
715 45.386 50.0097
716 44.5612 49.767
717 43.9164 49.4747
718 43.4452 49.1692
719 43.1252 48.8915
720 42.9233 48.6872
721 42.7991 48.6035
722 42.7066 48.6847
723 42.596 48.9683
724 42.4183 49.477
725 42.1325 50.2126
726 41.7162 51.1538
727 41.1717 52.2588
728 40.5303 53.4683
729 39.8475 54.7143
730 39.1912 55.9304
731 38.6298 57.0563
732 38.2186 58.0449
733 37.9944 58.8599
734 37.9714 59.4778
735 38.1439 59.8873
736 38.4911 60.0872
737 38.9863 60.0828
738 39.5984 59.8852
739 40.2956 59.5096
740 41.0496 58.9748
741 41.8355 58.3047
742 42.6341 57.5278
743 43.4295 56.6804
744 44.2056 55.8099
745 44.9456 54.9698
746 45.6263 54.2179
747 46.2164 53.6137
748 46.6866 53.2031
749 47.0191 53.0107
750 47.2166 53.0321
751 47.3089 53.2313
752 47.3516 53.5449
753 47.4152 53.8971
754 47.5665 54.2188
755 47.8498 54.4626
756 48.2709 54.6148
757 48.7955 54.6969
758 49.3603 54.7564
759 49.8941 54.8489
760 50.3394 55.0198
761 50.6674 55.2867
762 50.8804 55.6333
763 51.0035 56.0149
764 51.071 56.3731
765 51.1131 56.6552
766 51.1488 56.8303
767 51.1857 56.8952
768 51.2252 56.8706
769 51.268 56.7898
770 51.3193 56.6841
771 51.389 56.5716
772 51.4912 56.4513
773 51.6422 56.3048
774 51.8581 56.1039
775 52.1539 55.8206
776 52.5406 55.4376
777 53.0238 54.9533
778 53.5981 54.3846
779 54.2444 53.7639
780 54.9323 53.1319
781 55.6247 52.5289
782 56.2888 51.9864
783 56.9027 51.5228
784 57.4628 51.1397
785 57.9836 50.8244
786 58.4903 50.557
787 59.0099 50.3175
788 59.5614 50.094
789 60.1522 49.8826
790 60.7812 49.6837
791 61.4432 49.4963
792 62.1347 49.3114
793 62.8548 49.1131
794 63.6009 48.882
795 64.3623 48.6048
796 65.1155 48.2816
797 65.8258 47.93
798 66.4507 47.5834
799 66.9473 47.2825
800 67.2809 47.063
801 67.4261 46.9453
802 67.3666 46.9297
803 67.0921 46.9986
804 66.5985 47.1238
805 65.8887 47.2768
806 64.976 47.4371
807 63.8825 47.5968
808 62.6436 47.7555
809 61.3053 47.9145
810 59.9154 48.0704
811 58.5222 48.2109
812 57.1716 48.3142
813 55.9064 48.3537
814 54.766 48.3036
815 53.7845 48.1445
816 52.987 47.8698
817 52.385 47.4871
818 51.9697 47.0212
819 51.7112 46.5107
820 51.5624 46.0061
821 51.4655 45.564
822 51.3627 45.2402
823 51.2049 45.0811
824 50.9598 45.1155
825 50.6165 45.3504
826 50.1837 45.7734
827 49.6878 46.3551
828 49.1654 47.0582
829 48.6582 47.8418
830 48.2084 48.6647
831 47.8573 49.4845
832 47.6429 50.2569
833 47.597 50.9378
834 47.7395 51.4871
835 48.0726 51.8748
836 48.576 52.0867
837 49.2104 52.126
838 49.9253 52.0087
839 50.6717 51.7552
840 51.4124 51.3811
841 52.1257 50.8933
842 52.8032 50.2923
843 53.439 49.5845
844 54.0211 48.7921
845 54.5277 47.9566
846 54.9276 47.1357
847 55.1876 46.3926
848 55.2854 45.7794
849 55.2197 45.3246
850 55.0149 45.03
851 54.7198 44.8708
852 54.3992 44.8049
853 54.1203 44.7851
854 53.9391 44.7723
855 53.8895 44.7454
856 53.9789 44.7062
857 54.1907 44.6783
858 54.4948 44.6984
859 54.8593 44.8046
860 55.2618 45.0217
861 55.6959 45.3503
862 56.1686 45.7648
863 56.6966 46.2185
864 57.2967 46.6576
865 57.979 47.0385
866 58.7421 47.3407
867 59.5733 47.5723
868 60.4492 47.7643
869 61.3387 47.9568
870 62.209 48.1836
871 63.0285 48.4584
872 63.77 48.7693
873 64.4138 49.0834
874 64.949 49.3559
875 65.3735 49.5469
876 65.6884 49.633
877 65.8909 49.6153
878 65.9681 49.5202
879 65.8947 49.3943
880 65.637 49.2961
881 65.1646 49.2851
882 64.4633 49.4111
883 63.5484 49.703
884 62.4673 50.1634
885 61.2918 50.7659
886 60.1054 51.4663
887 58.9897 52.2126
888 58.0078 52.9628
889 57.1968 53.6923
890 56.5733 54.3918
891 56.1362 55.0611
892 55.8719 55.7025
893 55.7577 56.311
894 55.764 56.8738
895 55.8556 57.3731
896 55.996 57.7904
897 56.1532 58.1116
898 56.3009 58.3266
899 56.418 58.4284
900 56.4846 58.4146
901 56.4762 58.2883
902 56.3638 58.0613
903 56.1174 57.7561
904 55.7161 57.4038
905 55.1587 57.0371
906 54.4714 56.6804
907 53.7109 56.3397
908 52.9572 56.0001
909 52.3031 55.6304
910 51.8403 55.1935
911 51.647 54.6588
912 51.7793 54.0107
913 52.2641 53.2575
914 53.0951 52.4315
915 54.2327 51.5854
916 55.6067 50.7852
917 57.1303 50.0973
918 58.7126 49.579
919 60.2737 49.2692
920 61.7572 49.1834
921 63.1307 49.3153
922 64.3784 49.642
923 65.4959 50.1309
924 66.4801 50.7479
925 67.3235 51.4649
926 68.0147 52.2639
927 68.5435 53.1351
928 68.9092 54.0695
929 69.1268 55.0484
930 69.2269 56.0358
931 69.2508 56.9762
932 69.2393 57.8057
933 69.2222 58.4616
934 69.2095 58.8988
935 69.1921 59.0999
936 69.1461 59.0763
937 69.0406 58.8594
938 68.8463 58.4879
939 68.5419 57.9943
940 68.1198 57.3969
941 67.5893 56.6979
942 66.9774 55.8923
943 66.3263 54.976
944 65.6851 53.9572
945 65.1 52.8626
946 64.6048 51.738
947 64.2124 50.6468
948 63.9134 49.6637
949 63.6816 48.865
950 63.4859 48.3173
951 63.3051 48.0648
952 63.1403 48.1194
953 63.0164 48.461
954 62.9759 49.0453
955 63.0624 49.8204
956 63.3041 50.7452
957 63.7015 51.8003
958 64.2234 52.9905
959 64.8147 54.3325
960 65.4104 55.8347
961 65.9521 57.4737
962 66.4018 59.1805
963 66.7499 60.8448
964 67.0163 62.3351
965 67.2446 63.52
966 67.4899 64.2952
967 67.8065 64.5949
968 68.2353 64.3991
969 68.7964 63.7297
970 69.4838 62.6457
971 70.2677 61.2354
972 71.099 59.6055
973 71.9219 57.8641
974 72.6839 56.1057
975 73.3446 54.4006
976 73.879 52.7918
977 74.2765 51.3004
978 74.5324 49.9421
979 74.6392 48.7424
980 74.5803 47.7463
981 74.3302 47.0176
982 73.859 46.6279
983 73.1435 46.6351
984 72.18 47.0628
985 70.9956 47.8887
986 69.6553 49.0433
987 68.2596 50.4186
988 66.9305 51.8882
989 65.794 53.323
990 64.9622 54.6078
991 64.5151 55.6551
992 64.4906 56.4163
993 64.8798 56.8859
994 65.6282 57.1023
995 66.6459 57.1378
996 67.8223 57.0809
997 69.051 57.0088
998 70.2416 56.964
999 71.3311 56.9395
1000 72.2909 56.8807
1001 73.1137 56.7072
1002 73.8013 56.3428
1003 74.35 55.7467
1004 74.7423 54.9317
1005 74.9466 53.9631
1006 74.9224 52.9421
1007 74.6301 51.9806
1008 74.0471 51.1745
1009 73.1824 50.583
1010 72.0881 50.2166
1011 70.8579 50.0375
1012 69.6138 49.9724
1013 68.482 49.9376
1014 67.5622 49.8691
1015 66.9002 49.7476
1016 66.4806 49.608
1017 66.2362 49.533
1018 66.0746 49.6245
1019 65.9094 49.9709
1020 65.6899 50.6116
1021 65.4139 51.5212
1022 65.123 52.6141
1023 64.8864 53.7703
1024 64.7762 54.87
1025 64.8484 55.8217
1026 65.1291 56.5783
1027 65.6092 57.138
1028 66.2499 57.5352
1029 66.995 57.824
1030 67.7852 58.062
1031 68.5741 58.2947
1032 69.3391 58.5466
1033 70.0832 58.8155
1034 70.8325 59.0751
1035 71.6282 59.285
1036 72.5126 59.4029
1037 73.5123 59.3994
1038 74.6265 59.2692
1039 75.8214 59.0381
1040 77.034 58.7614
1041 78.1833 58.5139
1042 79.188 58.3693
1043 79.9876 58.3769
1044 80.5543 58.544
1045 80.8977 58.8343
1046 81.0579 59.18
1047 81.095 59.5025
1048 81.0729 59.7344
1049 81.0468 59.8332
1050 81.0526 59.7886
1051 81.1023 59.6225
1052 81.1843 59.3825
1053 81.2711 59.1317
1054 81.3282 58.9352
1055 81.3264 58.8449
1056 81.2496 58.8892
1057 81.0977 59.0691
1058 80.8836 59.3609
1059 80.6256 59.7295
1060 80.3395 60.1414
1061 80.0306 60.58
1062 79.6918 61.051
1063 79.3061 61.5793
1064 78.8547 62.1954
1065 78.3246 62.9194
1066 77.7167 63.7481
1067 77.05 64.6504
1068 76.3578 65.5754
1069 75.682 66.4657
1070 75.0656 67.2678
1071 74.5423 67.9446
1072 74.1278 68.4808
1073 73.813 68.8856
1074 73.5619 69.1902
1075 73.3162 69.4411
1076 73.004 69.6916
1077 72.5537 69.9914
1078 71.9067 70.3767
1079 71.0297 70.8617
1080 69.9222 71.435
1081 68.6163 72.0631
1082 67.1673 72.7018
1083 65.647 73.3066
1084 64.1308 73.8446
1085 62.684 74.302
1086 61.3566 74.6831
1087 60.1828 75.0048
1088 59.1833 75.29
1089 58.369 75.5613
1090 57.7451 75.8368
1091 57.3127 76.1284
1092 57.0662 76.4439
1093 56.991 76.7892
1094 57.058 77.1729
1095 57.2181 77.6138
1096 57.4006 78.1436
1097 57.515 78.8061
1098 57.4593 79.649
1099 57.1348 80.709
1100 56.4629 81.9944
1101 55.4009 83.4727
1102 53.9506 85.0731
1103 52.1635 86.6966
1104 50.133 88.2381
1105 47.9758 89.6094
1106 45.8146 90.7477
1107 43.757 91.6193
1108 41.888 92.2124
1109 40.2675 92.5305
1110 38.9278 92.5884
1111 37.8817 92.4066
1112 37.1319 92.0081
1113 36.677 91.4133
1114 36.516 90.6385
1115 36.6512 89.6971
1116 37.0799 88.6041
1117 37.7872 87.3833
1118 38.7343 86.0744
1119 39.856 84.7367
1120 41.0627 83.4488
1121 42.2537 82.2974
1122 43.3366 81.3598
1123 44.2436 80.6898
1124 44.9451 80.306
1125 45.4523 80.1902
1126 45.8102 80.2957
1127 46.0843 80.561
1128 46.3431 80.9241
1129 46.6427 81.3348
1130 47.0171 81.761
1131 47.4742 82.1895
1132 47.9965 82.6211
1133 48.5501 83.065
1134 49.0924 83.5321
1135 49.5788 84.0237
1136 49.968 84.5298
1137 50.2262 85.0275
1138 50.3266 85.4852
1139 50.2483 85.8707
1140 49.9749 86.1608
1141 49.4933 86.3482
1142 48.7923 86.4449
1143 47.8652 86.4786
1144 46.7145 86.4839
1145 45.3563 86.4911
1146 43.8253 86.5177
1147 42.1749 86.5636
1148 40.4767 86.6121
1149 38.8116 86.6359
1150 37.2575 86.6058
1151 35.8784 86.4992
1152 34.7167 86.3061
1153 33.7861 86.0321
1154 33.0716 85.699
1155 32.5361 85.3428
1156 32.1258 85.0111
1157 31.781 84.7574
1158 31.4452 84.6337
1159 31.0749 84.6818
1160 30.6456 84.9261
1161 30.1539 85.3677
1162 29.6155 85.9829
1163 29.056 86.7312
1164 28.504 87.5633
1165 27.9837 88.4296
1166 27.509 89.2895
1167 27.0836 90.1121
1168 26.7011 90.8802
1169 26.351 91.5856
1170 26.0268 92.2181
1171 25.7301 92.763
1172 25.4721 93.1965
1173 25.2712 93.4868
1174 25.1487 93.595
1175 25.1225 93.4781
1176 25.201 93.0955
1177 25.3765 92.4191
1178 25.6224 91.4446
1179 25.8923 90.2068
1180 26.1261 88.7875
1181 26.2613 87.3124
1182 26.2476 85.9271
1183 26.0627 84.7655
1184 25.7236 83.9142
1185 25.2883 83.3915
1186 24.8439 83.1567
1187 24.4863 83.136
1188 24.293 83.2542
1189 24.3036 83.4583
1190 24.513 83.7277
1191 24.8754 84.07
1192 25.3198 84.508
1193 25.768 85.0633
1194 26.1524 85.7387
1195 26.4258 86.51
1196 26.5661 87.3215
1197 26.5732 88.0945
1198 26.4614 88.7383
1199 26.2516 89.1702
1200 25.9636 89.3363
1201 25.6104 89.2258
1202 25.198 88.8757
1203 24.7268 88.36
1204 24.1982 87.7694
1205 23.6272 87.183
1206 23.0511 86.6466
1207 22.536 86.163
1208 22.1737 85.6955
1209 22.0671 85.1855
1210 22.3114 84.5742
1211 22.9698 83.8222
1212 24.057 82.9225
1213 25.5319 81.9073
1214 27.305 80.8452
1215 29.2561 79.8281
1216 31.2571 78.9535
1217 33.1971 78.2991
1218 34.9968 77.9027
1219 36.6176 77.7505
1220 38.0656 77.7775
1221 39.3757 77.8888
1222 40.5923 77.9879
1223 41.7529 78.006
1224 42.8746 77.9192
1225 43.9447 77.7491
1226 44.926 77.551
1227 45.7693 77.3904
1228 46.4335 77.3178
1229 46.9052 77.3493
1230 47.2066 77.4584
1231 47.3954 77.5823
1232 47.5501 77.6379
1233 47.748 77.5433
1234 48.0407 77.2399
1235 48.438 76.7073
1236 48.9037 75.9702
1237 49.3658 75.0944
1238 49.7341 74.1769
1239 49.9295 73.3222
1240 49.9128 72.6096
1241 49.702 72.0717
1242 49.3729 71.6826
1243 49.0429 71.3709
1244 48.8419 71.0448
1245 48.8768 70.6211
1246 49.2082 70.0519
1247 49.8376 69.3383
1248 50.7108 68.5318
1249 51.7338 67.7219
1250 52.7989 67.014
1251 53.8121 66.4991
1252 54.7202 66.2252
1253 55.5138 66.1838
1254 56.2221 66.311
1255 56.8989 66.5045
1256 57.5954 66.6536
1257 58.3363 66.6704
1258 59.1071 66.5154
1259 59.8512 66.2123
1260 60.4788 65.8459
1261 60.8908 65.541
1262 61.0063 65.4233
1263 60.7941 65.5725
1264 60.292 65.9884
1265 59.6054 66.5851
1266 58.8831 67.2175
1267 58.2752 67.7295
1268 57.8961 67.9987
1269 57.7971 67.9695
1270 57.9525 67.6714
1271 58.2705 67.2077
1272 58.618 66.728
1273 58.8553 66.3869
1274 58.8724 66.2989
1275 58.6179 66.5022
1276 58.1067 66.9511
1277 57.4098 67.533
1278 56.6278 68.1039
1279 55.8633 68.5292
1280 55.1954 68.7163
1281 54.6666 68.6327
1282 54.281 68.3083
1283 54.0141 67.8192
1284 53.8304 67.2597
1285 53.704 66.7095
1286 53.6339 66.207
1287 53.6504 65.7382
1288 53.8064 65.2452
1289 54.1591 64.6486
1290 54.7489 63.8772
1291 55.5821 62.8937
1292 56.6208 61.7105
1293 57.7843 60.394
1294 58.9573 59.0558
1295 60.0092 57.8327
1296 60.8211 56.8544
1297 61.3106 56.2147
1298 61.4521 55.9471
1299 61.281 56.0184
1300 60.8827 56.3429
1301 60.3737 56.8043
1302 59.8753 57.2865
1303 59.4907 57.6988
1304 59.2877 57.9937
1305 59.2899 58.1728
1306 59.4806 58.2781
1307 59.8137 58.3746
1308 60.2344 58.5244
1309 60.7001 58.7593
1310 61.1942 59.0633
1311 61.728 59.3714
1312 62.3283 59.5849
1313 63.0195 59.5997
1314 63.8043 59.3341
1315 64.65 58.7504
1316 65.4876 57.8639
1317 66.2216 56.7417
1318 66.7503 55.4884
1319 66.99 54.2231
1320 66.8971 53.0524
1321 66.483 52.0427
1322 65.816 51.201
1323 65.0133 50.4772
1324 64.218 49.7841
1325 63.5677 49.0258
1326 63.1647 48.1348
1327 63.0534 47.1004
1328 63.2094 45.9802
1329 63.5472 44.8924
1330 63.9451 43.9893
1331 64.2844 43.4119
1332 64.486 43.2447
1333 64.5292 43.4938
1334 64.4442 44.0917
1335 64.2882 44.9262
1336 64.1135 45.8831
1337 63.9433 46.8813
1338 63.7621 47.8889
1339 63.5198 48.9222
1340 63.1501 50.0285
1341 62.596 51.2555
1342 61.8343 52.6215
1343 60.8928 54.0961
1344 59.8545 55.5953
1345 58.8472 56.9925
1346 58.0176 58.1441
1347 57.4973 58.9205
1348 57.3774 59.226
1349 57.6908 59.0137
1350 58.403 58.2971
1351 59.4218 57.1457
1352 60.6163 55.6711
1353 61.8461 54.0021
1354 62.9907 52.2525
1355 63.9699 50.4966
1356 64.7474 48.7646
1357 65.321 47.0563
1358 65.7058 45.3725
1359 65.9179 43.7437
1360 65.9617 42.243
1361 65.8245 40.9805
1362 65.4779 40.0823
1363 64.8903 39.6554
1364 64.0457 39.7583
1365 62.9656 40.3853
1366 61.7217 41.4609
1367 60.4363 42.8485
1368 59.2564 44.3833
1369 58.3206 45.9058
1370 57.7326 47.2857
1371 57.5374 48.4463
1372 57.719 49.3663
1373 58.2136 50.0731
1374 58.9301 50.622
1375 59.7754 51.0669
1376 60.672 51.4398
1377 61.5721 51.7373
1378 62.4537 51.9218
1379 63.3116 51.9369
1380 64.1497 51.7322
1381 64.9692 51.2816
1382 65.7619 50.5941
1383 66.5051 49.7129
1384 67.1607 48.7062
1385 67.6825 47.652
1386 68.026 46.6275
1387 68.1621 45.6984
1388 68.0886 44.9118
1389 67.8386 44.2886
1390 67.4749 43.826
1391 67.079 43.5012
1392 66.7332 43.2816
1393 66.5004 43.1409
1394 66.4131 43.0711
1395 66.4713 43.0916
1396 66.6465 43.2436
1397 66.8943 43.5725
1398 67.1672 44.1073
1399 67.4268 44.8381
1400 67.6514 45.7105
1401 67.8367 46.6338
1402 67.9928 47.5047
1403 68.1371 48.2313
1404 68.2884 48.7502
1405 68.4583 49.0311
1406 68.6469 49.0748
1407 68.842 48.9078
1408 69.0222 48.5749
1409 69.1642 48.1298
1410 69.249 47.6266
1411 69.2692 47.1075
1412 69.2312 46.5958
1413 69.1545 46.0895
1414 69.0659 45.5666
1415 68.992 44.998
1416 68.9512 44.3629
1417 68.9487 43.6622
1418 68.9746 42.9293
1419 69.0077 42.2263
1420 69.0216 41.6291
1421 68.9945 41.2042
1422 68.917 40.9885
1423 68.7975 40.9765
1424 68.6605 41.1228
1425 68.5406 41.3571
1426 68.4708 41.6052
1427 68.472 41.8099
1428 68.5446 41.9454
1429 68.6652 42.0215
1430 68.7902 42.0789
1431 68.8645 42.1744
1432 68.834 42.3619
1433 68.6584 42.6735
1434 68.3221 43.1055
1435 67.8361 43.6159
1436 67.2352 44.1308
1437 66.5689 44.5624
1438 65.8881 44.8313
1439 65.2331 44.8896
1440 64.6289 44.734
1441 64.083 44.4075
1442 63.5916 43.9835
1443 63.1493 43.5425
1444 62.7571 43.1462
1445 62.4234 42.8199
1446 62.1632 42.5506
1447 61.992 42.2999
1448 61.9204 42.0214
1449 61.9492 41.6796
1450 62.0666 41.264
1451 62.2486 40.7926
1452 62.4577 40.3089
1453 62.6486 39.8682
1454 62.7737 39.5221
1455 62.7924 39.3058
1456 62.6806 39.2277
1457 62.4384 39.2682
1458 62.0904 39.3884
1459 61.6808 39.542
1460 61.261 39.6902
1461 60.8751 39.8124
1462 60.5502 39.9101
1463 60.2924 40.0023
1464 60.0927 40.1159
1465 59.935 40.275
1466 59.8068 40.4918
1467 59.7034 40.7649
1468 59.6281 41.0806
1469 59.586 41.4189
1470 59.5777 41.7609
1471 59.5948 42.0931
1472 59.619 42.4089
1473 59.6257 42.7087
1474 59.5888 42.9992
1475 59.4856 43.2924
1476 59.3037 43.6021
1477 59.0425 43.9418
1478 58.716 44.3191
1479 58.352 44.7302
1480 57.9914 45.156
1481 57.6859 45.5617
1482 57.493 45.9027
1483 57.4685 46.1332
1484 57.6567 46.215
1485 58.0759 46.1294
1486 58.7125 45.8797
1487 59.5175 45.4935
1488 60.4192 45.0157
1489 61.3375 44.5002
1490 62.2013 43.9986
1491 62.9601 43.5509
1492 63.5876 43.1802
1493 64.0791 42.8917
1494 64.4413 42.6778
1495 64.6807 42.5282
1496 64.7985 42.4387
1497 64.7903 42.4181
1498 64.6513 42.4899
1499 64.3839 42.6857
1500 64.0053 43.0329
1501 63.5504 43.5421
1502 63.0702 44.1988
1503 62.6267 44.9636
1504 62.2851 45.7805
1505 62.1058 46.5884
1506 62.1365 47.3353
1507 62.4036 47.989
1508 62.9066 48.5424
1509 63.6167 49.0134
1510 64.4801 49.4364
1511 65.4283 49.8499
1512 66.3902 50.2812
1513 67.3021 50.7352
1514 68.1147 51.1886
1515 68.7944 51.5944
1516 69.3198 51.8916
1517 69.6769 52.0201
1518 69.8576 51.936
1519 69.8611 51.6245
1520 69.6963 51.103
1521 69.3847 50.4184
1522 68.9592 49.6336
1523 68.4585 48.8112
1524 67.9246 47.9984
1525 67.3976 47.2193
1526 66.9133 46.4773
1527 66.4988 45.7644
1528 66.1669 45.0764
1529 65.9106 44.4282
1530 65.6995 43.861
1531 65.4811 43.4427
1532 65.1888 43.2577
1533 64.7532 43.3861
1534 64.1154 43.8846
1535 63.2404 44.7716
1536 62.1234 46.0209
1537 60.794 47.565
1538 59.3061 49.3128
1539 57.7292 51.1672
1540 56.1422 53.035
1541 54.6183 54.843
1542 53.2191 56.5413
1543 51.9872 58.1073
1544 50.948 59.5368
1545 50.1187 60.8317
1546 49.5136 61.9902
1547 49.1482 62.9989
1548 49.0381 63.8328
1549 49.1949 64.4598
1550 49.6222 64.84
1551 50.31 64.9364
1552 51.2283 64.7238
1553 52.3316 64.1926
1554 53.5594 63.3536
1555 54.8367 62.2382
1556 56.0821 60.8985
1557 57.2124 59.408
1558 58.157 57.8521
1559 58.8655 56.3196
1560 59.3109 54.896
1561 59.4911 53.6503
1562 59.4252 52.6287
1563 59.1448 51.8575
1564 58.6869 51.3518
1565 58.0875 51.1214
1566 57.3783 51.1809
1567 56.5847 51.5511
1568 55.7284 52.2543
1569 54.8293 53.3045
1570 53.9122 54.6926
1571 53.0091 56.3783
1572 52.159 58.2892
1573 51.4089 60.3203
1574 50.8082 62.3435
1575 50.3949 64.2351
1576 50.1913 65.8849
1577 50.1998 67.2086
1578 50.4029 68.1548
1579 50.7693 68.7097
1580 51.2628 68.8988
1581 51.8514 68.7752
1582 52.5155 68.4041
1583 53.2491 67.8447
1584 54.0565 67.1399
1585 54.9478 66.3123
1586 55.9315 65.3707
1587 57.0115 64.3201
1588 58.1795 63.1764
1589 59.4133 61.974
1590 60.6847 60.7588
1591 61.9587 59.5818
1592 63.2009 58.487
1593 64.3766 57.506
1594 65.4524 56.6561
1595 66.4032 55.9398
1596 67.2118 55.3556
1597 67.8698 54.9034
1598 68.3768 54.5912
1599 68.7369 54.4319
1600 68.9614 54.4372
1601 69.0638 54.6124
1602 69.0583 54.9535
1603 68.9594 55.4477
1604 68.7819 56.0755
1605 68.5402 56.8131
1606 68.2483 57.6347
1607 67.9199 58.5101
1608 67.5656 59.4074
1609 67.194 60.2921
1610 66.8132 61.1266
1611 66.4327 61.8728
1612 66.0673 62.4943
1613 65.7403 62.9558
1614 65.4853 63.2221
1615 65.3439 63.2595
1616 65.3601 63.0376
1617 65.5725 62.5351
1618 66.0051 61.7478
1619 66.6627 60.6939
1620 67.53 59.4151
1621 68.575 57.971
1622 69.7526 56.4327
1623 71.0121 54.8702
1624 72.2997 53.3441
1625 73.5594 51.9067
1626 74.7367 50.5998
1627 75.7776 49.4619
1628 76.6342 48.5272
1629 77.2639 47.8286
1630 77.6269 47.4008
1631 77.6885 47.2746
1632 77.4202 47.4729
1633 76.804 48.0059
1634 75.8396 48.8645
1635 74.5518 50.0186
1636 72.9958 51.413
1637 71.2553 52.9731
1638 69.4379 54.6072
1639 67.661 56.2174
1640 66.0319 57.7167
1641 64.6343 59.0376
1642 63.5183 60.1415
1643 62.6981 61.0202
1644 62.1565 61.6913
1645 61.8525 62.1884
1646 61.7326 62.5484
1647 61.7389 62.7997
1648 61.8164 62.9526
1649 61.9184 62.9961
1650 62.0088 62.901
1651 62.063 62.6302
1652 62.0676 62.1525
1653 62.019 61.4569
1654 61.9202 60.5626
1655 61.7791 59.5211
1656 61.6084 58.4088
1657 61.4258 57.3142
1658 61.2562 56.3135
1659 61.1324 55.4543
1660 61.0939 54.7521
1661 61.1823 54.1918
1662 61.4334 53.741
1663 61.868 53.3658
1664 62.4836 53.0447
1665 63.2509 52.776
1666 64.1151 52.578
1667 64.9993 52.4857
1668 65.8161 52.5397
1669 66.478 52.7762
1670 66.9094 53.2155
1671 67.0559 53.8546
1672 66.8867 54.6657
1673 66.3969 55.5988
1674 65.605 56.587
1675 64.5513 57.5554
1676 63.2942 58.4299
1677 61.9105 59.1457
1678 60.4796 59.6604
1679 59.0768 59.9589
1680 57.773 60.0471
1681 56.6284 59.9445
1682 55.692 59.6718
1683 55.0083 59.2397
1684 54.6174 58.6448
1685 54.5515 57.8728
1686 54.8275 56.91
1687 55.4378 55.7565
1688 56.342 54.4355
1689 57.4644 52.996
1690 58.7001 51.5095
1691 59.9305 50.0574
1692 61.0405 48.7149
1693 61.9354 47.5388
1694 62.5493 46.5609
1695 62.8449 45.791
1696 62.8116 45.2206
1697 62.4611 44.8281
1698 61.824 44.5854
1699 60.9457 44.4621
1700 59.881 44.4295
1701 58.6886 44.4635
1702 57.4233 44.5453
1703 56.1345 44.6601
1704 54.864 44.7936
1705 53.6461 44.929
1706 52.5111 45.0451
1707 51.4873 45.1178
1708 50.6025 45.1243
1709 49.8804 45.0511
1710 49.3338 44.9006
1711 48.9593 44.6945
1712 48.7356 44.4712
1713 48.6262 44.279
1714 48.5871 44.1648
1715 48.5758 44.1625
1716 48.5586 44.2859
1717 48.5145 44.5262
1718 48.4348 44.8572
1719 48.3216 45.2425
1720 48.185 45.6451
1721 48.0423 46.0326
1722 47.9158 46.379
1723 47.831 46.6612
1724 47.8137 46.855
1725 47.8839 46.9345
1726 48.0513 46.8737
1727 48.3114 46.6508
1728 48.6439 46.2536
1729 49.0161 45.684
1730 49.3897 44.9568
1731 49.7262 44.0979
1732 49.9934 43.138
1733 50.1644 42.113
1734 50.2182 41.0628
1735 50.1377 40.0301
1736 49.9092 39.0614
1737 49.5219 38.2037
1738 48.972 37.5013
1739 48.2633 36.9878
1740 47.4076 36.6773
1741 46.4249 36.5662
1742 45.3456 36.6355
1743 44.2082 36.8556
1744 43.0634 37.1892
1745 41.9784 37.5937
1746 41.0329 38.0229
1747 40.3111 38.4322
1748 39.8903 38.7818
1749 39.824 39.0438
1750 40.1283 39.2069
1751 40.7786 39.2759
1752 41.7167 39.2681
1753 42.8676 39.2025
1754 44.1575 39.0895
1755 45.5268 38.9206
1756 46.9335 38.6686
1757 48.3465 38.2954
1758 49.745 37.7654
1759 51.1154 37.0577
1760 52.4416 36.1764
1761 53.7089 35.1478
1762 54.9048 34.0104
1763 56.0144 32.8096
1764 57.0195 31.5874
1765 57.901 30.3761
1766 58.6396 29.2003
1767 59.2205 28.0779
1768 59.635 27.0289
1769 59.8816 26.0795
1770 59.9665 25.2598
1771 59.8989 24.6063
1772 59.6861 24.161
1773 59.3286 23.9665
1774 58.8217 24.0616
1775 58.1599 24.478
1776 57.3452 25.2285
1777 56.3928 26.2996
1778 55.3376 27.6441
1779 54.2319 29.1839
1780 53.1405 30.8232
1781 52.1331 32.4633
1782 51.2806 34.0109
1783 50.6437 35.3954
1784 50.271 36.5679
1785 50.2018 37.4884
1786 50.4623 38.1254
1787 51.0614 38.4523
1788 51.9876 38.4521
1789 53.2069 38.1201
1790 54.6647 37.4658
1791 56.2953 36.5133
1792 58.0344 35.2977
1793 59.8244 33.8611
1794 61.6156 32.2515
1795 63.3633 30.5218
1796 65.0207 28.7326
1797 66.5333 26.9562
1798 67.8433 25.2721
1799 68.897 23.7602
1800 69.6515 22.4947
1801 70.0866 21.5305
1802 70.2103 20.8957
1803 70.0566 20.5921
1804 69.6808 20.5973
1805 69.1512 20.8661
1806 68.54 21.34
1807 67.9131 21.9592
1808 67.3256 22.6706
1809 66.8179 23.4364
1810 66.4124 24.2392
1811 66.1147 25.0792
1812 65.918 25.968
1813 65.8103 26.9114
1814 65.7827 27.8971
1815 65.8319 28.8933
1816 65.9613 29.8496
1817 66.1744 30.7074
1818 66.4674 31.4218
1819 66.8238 31.9749
1820 67.2111 32.376
1821 67.5824 32.6598
1822 67.8844 32.8737
1823 68.0627 33.0608
1824 68.0703 33.2487
1825 67.8761 33.4442
1826 67.468 33.6343
1827 66.8541 33.793
1828 66.0629 33.8906
1829 65.1396 33.9024
1830 64.1392 33.8156
1831 63.1194 33.633
1832 62.134 33.3758
1833 61.2216 33.0797
1834 60.4033 32.7899
1835 59.6894 32.5538
1836 59.0852 32.4087
1837 58.5972 32.3738
1838 58.2349 32.4458
1839 58.0088 32.6055
1840 57.9226 32.8287
1841 57.9652 33.1003
1842 58.1049 33.4195
1843 58.2916 33.801
1844 58.4635 34.2646
1845 58.5588 34.8192
1846 58.5285 35.4537
1847 58.3494 36.1341
1848 58.0281 36.81
1849 57.5998 37.4256
1850 57.1187 37.9318
1851 56.6436 38.294
1852 56.2261 38.4939
1853 55.9013 38.5292
1854 55.6868 38.4119
1855 55.5898 38.1645
1856 55.6107 37.8191
1857 55.7477 37.4125
1858 55.9969 36.9849
1859 56.3517 36.5743
1860 56.8027 36.2121
1861 57.3364 35.9236
1862 57.9351 35.7293
1863 58.5762 35.6504
1864 59.228 35.7148
1865 59.8474 35.9586
1866 60.3795 36.4239
1867 60.7624 37.1488
1868 60.9368 38.1555
1869 60.8582 39.4403
1870 60.5083 40.97
1871 59.9005 42.6857
1872 59.0781 44.5103
1873 58.1036 46.3617
1874 57.0449 48.1651
1875 55.963 49.857
1876 54.9035 51.3929
1877 53.8913 52.7528
1878 52.9408 53.9318
1879 52.065 54.9348
1880 51.2792 55.7741
1881 50.6086 56.4575
1882 50.0891 56.9823
1883 49.7618 57.3352
1884 49.663 57.4969
1885 49.8127 57.4522
1886 50.2042 57.2008
1887 50.7988 56.7663
1888 51.5249 56.2007
1889 52.2865 55.5803
1890 52.9825 54.9921
1891 53.5231 54.5185
1892 53.8469 54.2208
1893 53.9271 54.131
1894 53.7724 54.2478
1895 53.4214 54.5422
1896 52.93 54.9709
1897 52.3596 55.4902
1898 51.7595 56.0733
1899 51.1579 56.7184
1900 50.5629 57.4457
1901 49.9658 58.2893
1902 49.3521 59.2819
1903 48.7163 60.4382
1904 48.0706 61.7416
1905 47.4471 63.1412
1906 46.8873 64.5604
1907 46.4253 65.9162
1908 46.0719 67.1367
1909 45.8052 68.1781
1910 45.5699 69.0303
1911 45.2876 69.7129
1912 44.873 70.2641
1913 44.252 70.7262
1914 43.3767 71.135
1915 42.2303 71.5186
1916 40.8297 71.8936
1917 39.2186 72.2675
1918 37.4598 72.6409
1919 35.6231 73.0136
1920 33.774 73.3913
1921 31.9645 73.794
1922 30.2304 74.2595
1923 28.5912 74.8408
1924 27.0582 75.5917
1925 25.6509 76.546
1926 24.4048 77.6976
1927 23.3734 78.9905
1928 22.6181 80.3287
1929 22.192 81.5974
1930 22.122 82.6926
1931 22.3974 83.5435
1932 22.9653 84.1245
1933 23.7372 84.4501
1934 24.6035 84.562
1935 25.4532 84.5135
1936 26.1923 84.354
1937 26.7587 84.1195
1938 27.1287 83.8283
1939 27.3156 83.4829
1940 27.3611 83.0746
1941 27.3223 82.593
1942 27.256 82.0379
1943 27.2051 81.4266
1944 27.1901 80.8005
1945 27.2072 80.2262
1946 27.237 79.7833
1947 27.2574 79.546
1948 27.2602 79.5602
1949 27.2614 79.8285
1950 27.2991 80.3098
1951 27.4255 80.9302
1952 27.6889 81.6045
1953 28.1201 82.2557
1954 28.7224 82.8277
1955 29.4722 83.2884
1956 30.3236 83.6259
1957 31.2207 83.8407
1958 32.1059 83.937
1959 32.9312 83.9152
1960 33.6661 83.7687
1961 34.298 83.4827
1962 34.8293 83.0396
1963 35.2722 82.4251
1964 35.6414 81.6394
1965 35.9463 80.7058
1966 36.187 79.6742
1967 36.3546 78.6173
1968 36.4364 77.6144
1969 36.4243 76.7334
1970 36.3207 76.0225
1971 36.1443 75.5002
1972 35.9303 75.157
1973 35.7249 74.9649
1974 35.5757 74.888
1975 35.5227 74.8925
1976 35.589 74.9536
1977 35.7789 75.0571
1978 36.0766 75.1992
1979 36.4507 75.3841
1980 36.8596 75.6203
1981 37.2557 75.9185
1982 37.591 76.2871
1983 37.8201 76.729
1984 37.903 77.2379
1985 37.8094 77.8006
1986 37.5203 78.3991
1987 37.0276 79.0173
1988 36.3364 79.6431
1989 35.4639 80.269
1990 34.438 80.8896
1991 33.2975 81.4941
1992 32.0914 82.0591
1993 30.8765 82.547
1994 29.7133 82.9091
1995 28.6595 83.0951
1996 27.7659 83.0615
1997 27.0718 82.7811
1998 26.6036 82.2464
1999 26.3746 81.4691
2000 26.3877 80.4751
2001 26.6367 79.3001
